1 -0.012
0.99988 -0.024
0.99964 -0.0359981
0.99928 -0.0479923
0.9988 -0.0599808
0.9982 -0.0719616
0.997481 -0.0839328
0.996641 -0.0958926
0.995682 -0.107839
0.994604 -0.11977
0.993406 -0.131684
0.992089 -0.143579
0.990654 -0.155452
0.989099 -0.167303
0.987426 -0.17913
0.985635 -0.190929
0.983726 -0.202701
0.981699 -0.214442
0.979554 -0.226151
0.977293 -0.237826
0.974914 -0.249466
0.97242 -0.261069
0.969809 -0.272632
0.967083 -0.284154
0.964241 -0.295634
0.961285 -0.307069
0.958214 -0.318459
0.95503 -0.329801
0.951732 -0.341093
0.948321 -0.352334
0.944797 -0.363523
0.941162 -0.374658
0.937415 -0.385737
0.933558 -0.396759
0.92959 -0.407721
0.925513 -0.418624
0.921327 -0.429465
0.917032 -0.440242
0.91263 -0.450955
0.90812 -0.461601
0.903504 -0.47218
0.898783 -0.48269
0.893956 -0.49313
0.889024 -0.503499
0.883989 -0.513794
0.878851 -0.524016
0.873611 -0.534162
0.86827 -0.544231
0.862827 -0.554223
0.857285 -0.564136
0.851644 -0.573969
0.845904 -0.583721
0.840067 -0.593391
0.834133 -0.602977
0.828103 -0.612479
0.821978 -0.621896
0.815759 -0.631226
0.809447 -0.64047
0.803042 -0.649625
0.796546 -0.658691
0.789959 -0.667667
0.783283 -0.676553
0.776517 -0.685347
0.769664 -0.694048
0.762723 -0.702657
0.755697 -0.711172
0.748585 -0.719592
0.741389 -0.727917
0.73411 -0.736145
0.726748 -0.744278
0.719306 -0.752313
0.711782 -0.76025
0.70418 -0.768089
0.696499 -0.77583
0.688741 -0.78347
0.680906 -0.791011
0.672996 -0.798452
0.665011 -0.805791
0.656953 -0.813029
0.648823 -0.820166
0.640622 -0.827201
0.63235 -0.834133
0.624008 -0.840962
0.615599 -0.847688
0.607122 -0.85431
0.598579 -0.860829
0.58997 -0.867244
0.581298 -0.873554
0.572562 -0.87976
0.563765 -0.885861
0.554906 -0.891857
0.545988 -0.897748
0.53701 -0.903533
0.527975 -0.909213
0.518883 -0.914787
0.509735 -0.920256
0.500532 -0.925618
0.491276 -0.930874
0.481967 -0.936024
0.472607 -0.941067
0.463196 -0.946005
0.453736 -0.950835
0.444228 -0.955559
0.434672 -0.960177
0.425071 -0.964688
0.415424 -0.969092
0.405733 -0.97339
0.395999 -0.977581
0.386223 -0.981665
0.376406 -0.985643
0.36655 -0.989513
0.356655 -0.993277
0.346722 -0.996935
0.336753 -1.00049
0.326748 -1.00393
0.316709 -1.00727
0.306636 -1.0105
0.296531 -1.01362
0.286395 -1.01664
0.276228 -1.01955
0.266033 -1.02235
0.255809 -1.02505
0.245559 -1.02764
0.235282 -1.03013
0.224981 -1.03251
0.214656 -1.03478
0.204308 -1.03695
0.193939 -1.03901
0.183549 -1.04096
0.173139 -1.04281
0.162711 -1.04455
0.152266 -1.04619
0.141804 -1.04772
0.131326 -1.04914
0.120835 -1.05046
0.110331 -1.05167
0.0998138 -1.05277
0.0892861 -1.05378
0.0787483 -1.05467
0.0682016 -1.05546
0.0576471 -1.05614
0.0470857 -1.05672
0.0365185 -1.05719
0.0259466 -1.05755
0.0153711 -1.05781
0.00479294 -1.05797
-0.00578673 -1.05801
-0.0163669 -1.05796
-0.0269464 -1.05779
-0.0375244 -1.05752
-0.0480996 -1.05715
-0.0586711 -1.05667
-0.0692378 -1.05608
-0.0797986 -1.05539
-0.0903524 -1.05459
-0.100898 -1.05368
-0.111435 -1.05267
-0.121962 -1.05155
-0.132477 -1.05033
-0.142981 -1.049
-0.153471 -1.04757
-0.163946 -1.04602
-0.174407 -1.04438
-0.18485 -1.04262
-0.195277 -1.04076
-0.205684 -1.03879
-0.216072 -1.03672
-0.226439 -1.03454
-0.236785 -1.03225
-0.247107 -1.02986
-0.257406 -1.02735
-0.267679 -1.02475
-0.277927 -1.02203
-0.288147 -1.01921
-0.298339 -1.01628
-0.308502 -1.01324
-0.318634 -1.0101
-0.328735 -1.00685
-0.338804 -1.00349
-0.348839 -1.00002
-0.358839 -0.996451
-0.368804 -0.99277
-0.378731 -0.988982
-0.388621 -0.985086
-0.398472 -0.981082
-0.408283 -0.976971
-0.418052 -0.972752
-0.42778 -0.968425
-0.437464 -0.963991
-0.447104 -0.959449
-0.456699 -0.954799
-0.466247 -0.950041
-0.475747 -0.945176
-0.485199 -0.940203
-0.494601 -0.935123
-0.503952 -0.929935
-0.513251 -0.92464
-0.522498 -0.919237
-0.53169 -0.913726
-0.540827 -0.908109
-0.549909 -0.902384
-0.558932 -0.896553
-0.567898 -0.890614
-0.576804 -0.884569
-0.58565 -0.878417
-0.594434 -0.872159
-0.603155 -0.865794
-0.611813 -0.859324
-0.620407 -0.852748
-0.628934 -0.846066
-0.637395 -0.839279
-0.645788 -0.832387
-0.654111 -0.825391
-0.662365 -0.81829
-0.670548 -0.811085
-0.678659 -0.803776
-0.686697 -0.796365
-0.694661 -0.78885
-0.702549 -0.781233
-0.710361 -0.773514
-0.718096 -0.765694
-0.725753 -0.757772
-0.733331 -0.74975
-0.740829 -0.741628
-0.748245 -0.733406
-0.755579 -0.725086
-0.76283 -0.716668
-0.769997 -0.708152
-0.777078 -0.699539
-0.784073 -0.690829
-0.790982 -0.682024
-0.797802 -0.673125
-0.804533 -0.664131
-0.811175 -0.655044
-0.817725 -0.645865
-0.824184 -0.636594
-0.83055 -0.627233
-0.836822 -0.617782
-0.843 -0.608241
-0.849082 -0.598613
-0.855068 -0.588898
-0.860957 -0.579097
-0.866748 -0.569211
-0.87244 -0.559241
-0.878033 -0.549189
-0.883525 -0.539055
-0.888915 -0.52884
-0.894204 -0.518546
-0.899389 -0.508174
-0.904471 -0.497725
-0.909448 -0.487201
-0.91432 -0.476602
-0.919086 -0.46593
-0.923745 -0.455186
-0.928297 -0.444372
-0.932741 -0.433489
-0.937076 -0.422539
-0.941301 -0.411522
-0.945416 -0.400441
-0.949421 -0.389297
-0.953314 -0.378091
-0.957095 -0.366825
-0.960763 -0.355501
-0.964318 -0.34412
-0.967759 -0.332683
-0.971086 -0.321193
-0.974298 -0.30965
-0.977394 -0.298058
-0.980375 -0.286416
-0.983239 -0.274728
-0.985986 -0.262995
-0.988616 -0.251218
-0.991129 -0.239399
-0.993523 -0.22754
-0.995798 -0.215644
-0.997954 -0.203711
-0.999992 -0.191744
-1.00191 -0.179744
-1.00371 -0.167713
-1.00538 -0.155654
-1.00694 -0.143568
-1.00838 -0.131456
-1.00969 -0.119322
-1.01088 -0.107166
-1.01196 -0.0949913
-1.01291 -0.0827992
-1.01373 -0.0705917
-1.01444 -0.0583708
-1.01502 -0.0461386
-1.01548 -0.0338968
-1.01582 -0.0216476
-1.01604 -0.00939296
-1.01613 0.00286522
-1.0161 0.0151249
-1.01595 0.0273842
-1.01568 0.039641
-1.01528 0.0518933
-1.01476 0.0641393
-1.01412 0.0763768
-1.01336 0.088604
-1.01247 0.100819
-1.01147 0.113019
-1.01033 0.125204
-1.00908 0.13737
-1.00771 0.149515
-1.00621 0.161639
-1.0046 0.173739
-1.00286 0.185812
-1.001 0.197858
-0.999023 0.209874
-0.996925 0.221859
-0.994706 0.233809
-0.992368 0.245725
-0.989911 0.257603
-0.987335 0.269442
-0.98464 0.281241
-0.981828 0.292996
-0.978898 0.304708
-0.975851 0.316373
-0.972687 0.32799
-0.969407 0.339557
-0.966012 0.351073
-0.962501 0.362536
-0.958876 0.373945
-0.955136 0.385297
-0.951283 0.396591
-0.947317 0.407825
-0.943239 0.418999
-0.939049 0.430109
-0.934748 0.441156
-0.930336 0.452137
-0.925815 0.463051
-0.921185 0.473896
-0.916446 0.484671
-0.911599 0.495375
-0.906645 0.506006
-0.901585 0.516563
-0.896419 0.527045
-0.891149 0.53745
-0.885774 0.547777
-0.880297 0.558024
-0.874716 0.568192
-0.869035 0.578277
-0.863252 0.58828
-0.857369 0.598199
-0.851387 0.608034
-0.845307 0.617782
-0.839129 0.627443
-0.832854 0.637016
-0.826484 0.6465
-0.820019 0.655894
-0.81346 0.665197
-0.806808 0.674408
-0.800064 0.683526
-0.793229 0.692551
-0.786303 0.701482
-0.779289 0.710317
-0.772185 0.719056
-0.764995 0.727699
-0.757718 0.736244
-0.750355 0.744692
-0.742909 0.75304
-0.735378 0.761289
-0.727765 0.769438
-0.720071 0.777487
-0.712296 0.785434
-0.704442 0.79328
-0.696509 0.801024
-0.688499 0.808665
-0.680412 0.816202
-0.67225 0.823636
-0.664014 0.830967
-0.655704 0.838192
-0.647322 0.845313
-0.638869 0.852329
-0.630346 0.859239
-0.621753 0.866043
-0.613093 0.872742
-0.604365 0.879333
-0.595572 0.885819
-0.586714 0.892197
-0.577792 0.898468
-0.568807 0.904632
-0.559761 0.910688
-0.550654 0.916636
-0.541488 0.922477
-0.532263 0.928209
-0.522981 0.933833
-0.513642 0.939349
-0.504249 0.944757
-0.494801 0.950056
-0.485301 0.955246
-0.475748 0.960327
-0.466145 0.9653
-0.456492 0.970164
-0.44679 0.974919
-0.437041 0.979566
-0.427246 0.984103
-0.417405 0.988532
-0.407519 0.992851
-0.397591 0.997062
-0.38762 1.00116
-0.377608 1.00516
-0.367557 1.00904
-0.357467 1.01281
-0.347338 1.01648
-0.337174 1.02004
-0.326973 1.02349
-0.316738 1.02683
-0.30647 1.03006
-0.29617 1.03318
-0.285838 1.03619
-0.275476 1.0391
-0.265085 1.04189
-0.254666 1.04458
-0.24422 1.04716
-0.233748 1.04963
-0.223252 1.052
-0.212732 1.05425
-0.20219 1.0564
-0.191626 1.05844
-0.181041 1.06037
-0.170438 1.06219
-0.159816 1.0639
-0.149177 1.06551
-0.138522 1.06701
-0.127852 1.0684
-0.117168 1.06968
-0.106471 1.07086
-0.0957622 1.07192
-0.0850429 1.07288
-0.0743141 1.07373
-0.0635768 1.07448
-0.052832 1.07511
-0.0420808 1.07564
-0.0313244 1.07606
-0.0205638 1.07638
-0.0098 1.07658
0.000965831 1.07668
0.0117326 1.07667
0.0224994 1.07655
0.0332649 1.07633
0.0440282 1.076
0.0547881 1.07556
0.0655437 1.07501
0.0762938 1.07435
0.0870373 1.07359
0.0977732 1.07272
0.1085 1.07174
0.119218 1.07065
0.129924 1.06945
0.140619 1.06815
0.1513 1.06674
0.161968 1.06522
0.17262 1.06359
0.183256 1.06185
0.193874 1.06001
0.204474 1.05806
0.215055 1.05599
0.225615 1.05382
0.236153 1.05154
0.246668 1.04916
0.25716 1.04666
0.267627 1.04405
0.278067 1.04134
0.288481 1.03852
0.298866 1.03558
0.309221 1.03254
0.319547 1.02939
0.329841 1.02613
0.340102 1.02276
0.35033 1.01928
0.360522 1.01569
0.370679 1.01199
0.380799 1.00818
0.390881 1.00426
0.400924 1.00023
0.410926 0.996097
0.420887 0.991849
0.430805 0.987491
0.44068 0.983023
0.450511 0.978445
0.460295 0.973757
0.470033 0.968959
0.479722 0.964051
0.489363 0.959033
0.498953 0.953905
0.508492 0.948667
0.517979 0.943319
0.527412 0.937861
0.536791 0.932294
0.546114 0.926616
0.55538 0.92083
0.564588 0.914933
0.573737 0.908927
0.582827 0.902812
0.591855 0.896588
0.600821 0.890255
0.609723 0.883813
0.618561 0.877262
0.627334 0.870603
0.63604 0.863836
0.644678 0.856961
0.653248 0.849979
0.661748 0.842889
0.670177 0.835691
0.678533 0.828388
0.686817 0.820978
0.695027 0.813461
0.703162 0.80584
0.71122 0.798113
0.719201 0.790281
0.727104 0.782345
0.734928 0.774305
0.742671 0.766162
0.750332 0.757916
0.757911 0.749568
0.765407 0.741118
0.772818 0.732567
0.780144 0.723916
0.787383 0.715165
0.794535 0.706315
0.801598 0.697366
0.808571 0.68832
0.815455 0.679177
0.822246 0.669938
0.828946 0.660604
0.835552 0.651175
0.842064 0.641653
0.84848 0.632038
0.854801 0.622331
0.861024 0.612534
0.867149 0.602647
0.873176 0.592672
0.879102 0.582609
0.884928 0.572459
0.890653 0.562223
0.896275 0.551904
0.901794 0.541501
0.907209 0.531016
0.912519 0.520451
0.917724 0.509806
0.922822 0.499083
0.927813 0.488283
0.932696 0.477408
0.93747 0.466458
0.942134 0.455435
0.946689 0.444342
0.951132 0.433178
0.955464 0.421946
0.959683 0.410646
0.96379 0.399282
0.967783 0.387853
0.971661 0.376363
0.975425 0.364811
0.979073 0.353201
0.982605 0.341533
0.98602 0.32981
0.989318 0.318032
0.992499 0.306203
0.995561 0.294322
0.998504 0.282393
1.00133 0.270417
1.00403 0.258396
1.00662 0.246331
1.00908 0.234225
1.01142 0.222079
1.01364 0.209896
1.01574 0.197676
1.01772 0.185423
1.01957 0.173138
1.0213 0.160822
1.02291 0.148479
1.0244 0.136109
1.02576 0.123715
1.02699 0.111299
1.02811 0.0988624
1.0291 0.0864078
1.02996 0.0739372
1.0307 0.0614524
1.03131 0.0489554
1.0318 0.0364485
1.03217 0.0239335
1.03241 0.0114125
1.03252 -0.0011124
1.03251 -0.0136392
1.03237 -0.0261658
1.03211 -0.0386901
1.03173 -0.0512102
1.03121 -0.0637239
1.03058 -0.0762292
1.02981 -0.0887241
1.02893 -0.101207
1.02792 -0.113674
1.02678 -0.126126
1.02552 -0.138559
1.02413 -0.150971
1.02262 -0.16336
1.02099 -0.175725
1.01923 -0.188064
1.01735 -0.200374
1.01535 -0.212653
1.01322 -0.2249
1.01097 -0.237113
1.0086 -0.249289
1.00611 -0.261427
1.00349 -0.273525
1.00076 -0.285581
0.997902 -0.297593
0.994926 -0.30956
0.99183 -0.321479
0.988615 -0.333348
0.985282 -0.345167
0.98183 -0.356933
0.978261 -0.368644
0.974574 -0.380299
0.970771 -0.391896
0.966852 -0.403433
0.962818 -0.414909
0.958669 -0.426323
0.954406 -0.437672
0.950029 -0.448954
0.94554 -0.46017
0.940938 -0.471316
0.936225 -0.482391
0.931401 -0.493395
0.926467 -0.504325
0.921424 -0.51518
0.916272 -0.525959
0.911012 -0.53666
0.905646 -0.547282
0.900173 -0.557824
0.894594 -0.568285
0.888912 -0.578663
0.883125 -0.588957
0.877235 -0.599165
0.871244 -0.609288
0.865151 -0.619323
0.858958 -0.629269
0.852665 -0.639127
0.846274 -0.648893
0.839785 -0.658568
0.833199 -0.66815
0.826518 -0.677639
0.819741 -0.687034
0.812871 -0.696333
0.805908 -0.705536
0.798852 -0.714642
0.791706 -0.72365
0.784469 -0.732559
0.777144 -0.741369
0.76973 -0.75008
0.762229 -0.758689
0.754642 -0.767197
0.74697 -0.775603
0.739214 -0.783906
0.731375 -0.792106
0.723454 -0.800202
0.715452 -0.808194
0.70737 -0.816081
0.699209 -0.823863
0.690971 -0.831539
0.682655 -0.839108
0.674264 -0.846571
0.665799 -0.853927
0.657259 -0.861175
0.648648 -0.868315
0.639964 -0.875348
0.631211 -0.882271
0.622388 -0.889087
0.613497 -0.895793
0.604539 -0.902389
0.595516 -0.908877
0.586427 -0.915254
0.577274 -0.921522
0.568059 -0.927679
0.558782 -0.933727
0.549445 -0.939663
0.540048 -0.945489
0.530593 -0.951205
0.521081 -0.95681
0.511513 -0.962303
0.50189 -0.967686
0.492213 -0.972958
0.482484 -0.978119
0.472703 -0.983168
0.462871 -0.988106
0.45299 -0.992933
0.443061 -0.997649
0.433084 -1.00225
0.423062 -1.00675
0.412994 -1.01113
0.402883 -1.0154
0.392729 -1.01956
0.382533 -1.02361
0.372297 -1.02755
0.362022 -1.03137
0.351708 -1.03509
0.341357 -1.03869
0.33097 -1.04218
0.320548 -1.04557
0.310093 -1.04884
0.299604 -1.052
0.289084 -1.05505
0.278534 -1.05799
0.267954 -1.06082
0.257346 -1.06353
0.24671 -1.06614
0.236049 -1.06864
0.225363 -1.07102
0.214652 -1.0733
0.203919 -1.07547
0.193165 -1.07752
0.18239 -1.07947
0.171595 -1.08131
0.160782 -1.08303
0.149951 -1.08465
0.139105 -1.08615
0.128243 -1.08755
0.117368 -1.08884
0.10648 -1.09001
0.0955794 -1.09108
0.0846686 -1.09204
0.0737482 -1.09289
0.0628193 -1.09363
0.051883 -1.09425
0.0409405 -1.09477
0.0299928 -1.09518
0.0190409 -1.09548
0.00808612 -1.09567
-0.00287062 -1.09575
-0.0138282 -1.09573
-0.0247854 -1.09559
-0.0357413 -1.09534
-0.0466947 -1.09498
-0.0576445 -1.09451
-0.0685896 -1.09394
-0.079529 -1.09325
-0.0904615 -1.09245
-0.101386 -1.09155
-0.112302 -1.09053
-0.123207 -1.08941
-0.134101 -1.08817
-0.144983 -1.08683
-0.155851 -1.08537
-0.166705 -1.0838
-0.177543 -1.08213
-0.188364 -1.08034
-0.199167 -1.07844
-0.209952 -1.07644
-0.220716 -1.07432
-0.231459 -1.07209
-0.24218 -1.06975
-0.252878 -1.0673
-0.263551 -1.06474
-0.274198 -1.06207
-0.284819 -1.05928
-0.295412 -1.05639
-0.305975 -1.05338
-0.316509 -1.05027
-0.327012 -1.04704
-0.337482 -1.0437
-0.347919 -1.04025
-0.358322 -1.03668
-0.368689 -1.03301
-0.379019 -1.02922
-0.389311 -1.02532
-0.399564 -1.02131
-0.409777 -1.01719
-0.419949 -1.01295
-0.430079 -1.0086
-0.440165 -1.00414
-0.450206 -0.999571
-0.460202 -0.994887
-0.470151 -0.99009
-0.480051 -0.985181
-0.489903 -0.980159
-0.499705 -0.975025
-0.509455 -0.969778
-0.519153 -0.964419
-0.528797 -0.958948
-0.538387 -0.953364
-0.54792 -0.947668
-0.557397 -0.94186
-0.566815 -0.935939
-0.576175 -0.929907
-0.585474 -0.923763
-0.594712 -0.917507
-0.603887 -0.911139
-0.612998 -0.90466
-0.622045 -0.898069
-0.631025 -0.891367
-0.639939 -0.884554
-0.648785 -0.877631
-0.657561 -0.870597
-0.666267 -0.863452
-0.674901 -0.856198
-0.683463 -0.848834
-0.691952 -0.841361
-0.700365 -0.833779
-0.708703 -0.826088
-0.716964 -0.81829
-0.725147 -0.810383
-0.733251 -0.802369
-0.741274 -0.794248
-0.749217 -0.78602
-0.757077 -0.777687
-0.764854 -0.769248
-0.772546 -0.760705
-0.780153 -0.752057
-0.787674 -0.743306
-0.795107 -0.734452
-0.802452 -0.725496
-0.809707 -0.716438
-0.816871 -0.707279
-0.823944 -0.69802
-0.830924 -0.688662
-0.837811 -0.679205
-0.844603 -0.669651
-0.851299 -0.66
-0.857899 -0.650253
-0.864402 -0.640411
-0.870806 -0.630475
-0.877111 -0.620447
-0.883315 -0.610326
-0.889418 -0.600115
-0.895419 -0.589813
-0.901318 -0.579423
-0.907112 -0.568946
-0.912801 -0.558382
-0.918385 -0.547732
-0.923862 -0.536999
-0.929232 -0.526184
-0.934494 -0.515287
-0.939647 -0.50431
-0.94469 -0.493254
-0.949623 -0.482121
-0.954444 -0.470912
-0.959153 -0.459628
-0.963749 -0.448272
-0.968232 -0.436844
-0.9726 -0.425347
-0.976854 -0.413781
-0.980992 -0.402148
-0.985013 -0.39045
-0.988918 -0.378688
-0.992705 -0.366865
-0.996373 -0.354981
-0.999923 -0.343039
-1.00335 -0.33104
-1.00666 -0.318987
-1.00985 -0.30688
-1.01292 -0.294721
-1.01587 -0.282514
-1.01869 -0.270258
-1.0214 -0.257957
-1.02398 -0.245612
-1.02643 -0.233225
-1.02877 -0.220798
-1.03097 -0.208332
-1.03306 -0.195831
-1.03501 -0.183295
-1.03685 -0.170728
-1.03856 -0.15813
-1.04014 -0.145504
-1.04159 -0.132852
-1.04292 -0.120176
-1.04412 -0.107478
-1.0452 -0.0947604
-1.04614 -0.0820248
-1.04696 -0.0692735
-1.04766 -0.0565086
-1.04822 -0.0437323
-1.04866 -0.0309465
-1.04897 -0.0181536
-1.04915 -0.00535543
-1.0492 0.00744571
-1.04913 0.0202477
-1.04893 0.0330485
-1.0486 0.045846
-1.04814 0.0586379
-1.04755 0.0714223
-1.04684 0.0841969
-1.046 0.0969596
-1.04503 0.109708
-1.04393 0.122441
-1.0427 0.135156
-1.04135 0.14785
-1.03987 0.160522
-1.03827 0.17317
-1.03654 0.185791
-1.03468 0.198384
-1.0327 0.210946
-1.03059 0.223476
-1.02835 0.235971
-1.02599 0.248429
-1.02351 0.260849
-1.0209 0.273229
-1.01817 0.285566
-1.01531 0.297858
-1.01233 0.310105
-1.00923 0.322303
-1.00601 0.334451
-1.00266 0.346548
-0.999199 0.35859
-0.995613 0.370577
-0.991907 0.382507
-0.988082 0.394378
-0.984138 0.406188
-0.980076 0.417936
-0.975897 0.42962
-0.971601 0.441237
-0.967188 0.452788
-0.96266 0.464269
-0.958018 0.47568
-0.953261 0.487019
-0.948391 0.498284
-0.943408 0.509474
-0.938313 0.520587
-0.933107 0.531623
-0.927791 0.542579
-0.922365 0.553454
-0.916831 0.564247
-0.911188 0.574956
-0.905439 0.585581
-0.899583 0.59612
-0.893622 0.606572
-0.887556 0.616936
-0.881387 0.627209
-0.875114 0.637393
-0.868741 0.647484
-0.862266 0.657483
-0.855691 0.667388
-0.849017 0.677198
-0.842245 0.686912
-0.835376 0.696529
-0.828411 0.706049
-0.82135 0.71547
-0.814195 0.724792
-0.806947 0.734013
-0.799607 0.743134
-0.792176 0.752152
-0.784654 0.761068
-0.777044 0.769881
-0.769345 0.77859
-0.761559 0.787194
-0.753687 0.795693
-0.74573 0.804086
-0.737689 0.812373
-0.729566 0.820553
-0.72136 0.828625
-0.713074 0.836589
-0.704708 0.844445
-0.696264 0.852192
-0.687742 0.85983
-0.679143 0.867358
-0.67047 0.874776
-0.661722 0.882083
-0.652901 0.88928
-0.644008 0.896366
-0.635045 0.90334
-0.626011 0.910203
-0.616909 0.916953
-0.60774 0.923592
-0.598504 0.930118
-0.589203 0.936532
-0.579837 0.942833
-0.570409 0.949022
-0.560919 0.955097
-0.551368 0.961059
-0.541757 0.966908
-0.532088 0.972643
-0.522362 0.978266
-0.512579 0.983774
-0.502741 0.989169
-0.49285 0.994451
-0.482905 0.999619
-0.472909 1.00467
-0.462862 1.00961
-0.452766 1.01444
-0.442622 1.01915
-0.43243 1.02375
-0.422193 1.02824
-0.41191 1.03261
-0.401584 1.03687
-0.391215 1.04102
-0.380805 1.04505
-0.370355 1.04897
-0.359865 1.05277
-0.349337 1.05646
-0.338773 1.06004
-0.328172 1.06351
-0.317537 1.06686
-0.306869 1.0701
-0.296168 1.07323
-0.285435 1.07624
-0.274673 1.07914
-0.263881 1.08193
-0.253062 1.0846
-0.242216 1.08717
-0.231344 1.08962
-0.220448 1.09196
-0.209529 1.09418
-0.198587 1.0963
-0.187624 1.0983
-0.176641 1.10019
-0.165639 1.10196
-0.154619 1.10363
-0.143583 1.10518
-0.132531 1.10663
-0.121465 1.10796
-0.110386 1.10917
-0.0992938 1.11028
-0.088191 1.11127
-0.0770782 1.11216
-0.0659567 1.11293
-0.0548274 1.11359
-0.0436915 1.11414
-0.0325501 1.11458
-0.0214043 1.1149
-0.0102553 1.11512
0.000895842 1.11522
0.012048 1.11521
0.0232001 1.11509
0.034351 1.11486
0.0454996 1.11451
0.0566447 1.11406
0.0677853 1.11349
0.0789202 1.11281
0.0900483 1.11202
0.101169 1.11112
0.11228 1.11011
0.123381 1.10898
0.134471 1.10774
0.145548 1.10639
0.156612 1.10493
0.167661 1.10336
0.178695 1.10167
0.189712 1.09987
0.20071 1.09796
0.21169 1.09594
0.222649 1.0938
0.233587 1.09156
0.244503 1.08919
0.255395 1.08672
0.266262 1.08413
0.277103 1.08143
0.287918 1.07862
0.298704 1.07569
0.309461 1.07265
0.320187 1.0695
0.330882 1.06623
0.341545 1.06285
0.352173 1.05935
0.362767 1.05574
0.373324 1.05202
0.383844 1.04818
0.394326 1.04423
0.404768 1.04017
0.41517 1.03599
0.42553 1.03169
0.435847 1.02728
0.44612 1.02276
0.456347 1.01812
0.466528 1.01337
0.476662 1.0085
0.486747 1.00351
0.496782 0.998416
0.506766 0.993203
0.516698 0.987875
0.526577 0.982432
0.536401 0.976874
0.54617 0.971201
0.555882 0.965414
0.565536 0.959511
0.575131 0.953494
0.584666 0.947363
0.59414 0.941116
0.603551 0.934755
0.612899 0.92828
0.622182 0.921691
0.631398 0.914987
0.640548 0.90817
0.64963 0.901239
0.658642 0.894194
0.667584 0.887036
0.676455 0.879765
0.685252 0.872382
0.693976 0.864886
0.702625 0.857277
0.711198 0.849557
0.719693 0.841726
0.728111 0.833783
0.736448 0.82573
0.744706 0.817567
0.752881 0.809294
0.760974 0.800912
0.768983 0.79242
0.776908 0.783821
0.784746 0.775114
0.792497 0.7663
0.80016 0.75738
0.807734 0.748354
0.815217 0.739222
0.82261 0.729987
0.829909 0.720647
0.837116 0.711205
0.844228 0.70166
0.851245 0.692015
0.858165 0.682269
0.864987 0.672423
0.871712 0.662479
0.878336 0.652437
0.884861 0.642298
0.891284 0.632064
0.897604 0.621735
0.903822 0.611313
0.909935 0.600798
0.915943 0.590192
0.921845 0.579495
0.92764 0.56871
0.933327 0.557837
0.938905 0.546878
0.944374 0.535834
0.949732 0.524705
0.954979 0.513495
0.960114 0.502203
0.965136 0.490832
0.970045 0.479382
0.974839 0.467856
0.979517 0.456255
0.98408 0.44458
0.988525 0.432834
0.992854 0.421016
0.997064 0.409131
1.00116 0.397177
1.00513 0.385159
1.00898 0.373077
1.01271 0.360933
1.01632 0.348728
1.01981 0.336466
1.02317 0.324146
1.02641 0.311772
1.02953 0.299346
1.03252 0.286868
1.03539 0.274341
1.03814 0.261767
1.04075 0.249148
1.04324 0.236486
1.04561 0.223783
1.04785 0.21104
1.04996 0.198261
1.05194 0.185446
1.05379 0.172599
1.05552 0.15972
1.05712 0.146813
1.05859 0.133879
1.05992 0.120921
1.06113 0.10794
1.06221 0.0949391
1.06316 0.08192
1.06398 0.0688849
1.06467 0.0558361
1.06523 0.0427758
1.06566 0.029706
1.06595 0.0166291
1.06612 0.00354714
1.06616 -0.0095376
1.06606 -0.0226229
1.06583 -0.0357067
1.06548 -0.0487866
1.06499 -0.0618605
1.06437 -0.0749262
1.06362 -0.0879815
1.06274 -0.101024
1.06173 -0.114052
1.06059 -0.127063
1.05932 -0.140055
1.05792 -0.153026
1.05639 -0.165973
1.05473 -0.178895
1.05294 -0.191789
1.05102 -0.204653
1.04898 -0.217485
1.0468 -0.230283
1.0445 -0.243046
1.04207 -0.25577
1.03951 -0.268453
1.03683 -0.281095
1.03401 -0.293693
1.03108 -0.306244
1.02802 -0.318747
1.02483 -0.3312
1.02152 -0.343601
1.01808 -0.355948
1.01452 -0.368239
1.01084 -0.380473
1.00703 -0.392647
1.00311 -0.40476
0.999059 -0.41681
0.994891 -0.428795
0.990603 -0.440713
0.986196 -0.452563
0.981671 -0.464343
0.977027 -0.476052
0.972267 -0.487688
0.96739 -0.499249
0.962397 -0.510733
0.95729 -0.52214
0.952069 -0.533467
0.946734 -0.544714
0.941287 -0.555878
0.935728 -0.566959
0.930058 -0.577955
0.924279 -0.588865
0.91839 -0.599687
0.912393 -0.61042
0.906289 -0.621063
0.900079 -0.631615
0.893762 -0.642074
0.887342 -0.652439
0.880817 -0.66271
0.87419 -0.672885
0.867461 -0.682963
0.860632 -0.692943
0.853702 -0.702824
0.846674 -0.712606
0.839548 -0.722286
0.832325 -0.731865
0.825006 -0.741342
0.817593 -0.750715
0.810086 -0.759984
0.802486 -0.769148
0.794795 -0.778206
0.787012 -0.787158
0.779141 -0.796004
0.771181 -0.804741
0.763133 -0.81337
0.755 -0.82189
0.746781 -0.830301
0.738478 -0.838602
0.730092 -0.846792
0.721624 -0.854871
0.713075 -0.862839
0.704447 -0.870695
0.69574 -0.878438
0.686955 -0.886069
0.678095 -0.893587
0.669159 -0.900992
0.660149 -0.908283
0.651066 -0.91546
0.641912 -0.922522
0.632686 -0.92947
0.623392 -0.936304
0.614029 -0.943022
0.604598 -0.949625
0.595102 -0.956113
0.585541 -0.962486
0.575916 -0.968743
0.566229 -0.974884
0.55648 -0.980909
0.546671 -0.986819
0.536803 -0.992612
0.526876 -0.99829
0.516894 -1.00385
0.506855 -1.0093
0.496762 -1.01463
0.486616 -1.01984
0.476417 -1.02493
0.466168 -1.02991
0.455869 -1.03478
0.445521 -1.03953
0.435126 -1.04416
0.424684 -1.04868
0.414198 -1.05308
0.403667 -1.05736
0.393093 -1.06153
0.382478 -1.06558
0.371822 -1.06952
0.361127 -1.07334
0.350394 -1.07704
0.339623 -1.08063
0.328817 -1.08411
0.317976 -1.08747
0.307101 -1.09071
0.296194 -1.09384
0.285256 -1.09685
0.274287 -1.09975
0.263289 -1.10254
0.252264 -1.10521
0.241212 -1.10776
0.230134 -1.1102
0.219032 -1.11253
0.207907 -1.11474
0.19676 -1.11684
0.185591 -1.11882
0.174403 -1.12069
0.163196 -1.12244
0.151972 -1.12408
0.140731 -1.12561
0.129475 -1.12702
0.118205 -1.12832
0.106922 -1.12951
0.0956264 -1.13058
0.0843207 -1.13154
0.0730053 -1.13238
0.0616815 -1.13311
0.0503504 -1.13373
0.0390131 -1.13423
0.0276708 -1.13462
0.0163245 -1.1349
0.00497553 -1.13506
-0.0063751 -1.13511
-0.0177262 -1.13505
-0.0290767 -1.13487
-0.0404254 -1.13458
-0.0517712 -1.13418
-0.063113 -1.13366
-0.0744496 -1.13303
-0.0857799 -1.13228
-0.0971027 -1.13142
-0.108417 -1.13045
-0.119721 -1.12936
-0.131015 -1.12816
-0.142297 -1.12685
-0.153565 -1.12542
-0.164819 -1.12388
-0.176058 -1.12222
-0.18728 -1.12045
-0.198485 -1.11856
-0.20967 -1.11656
-0.220836 -1.11445
-0.23198 -1.11222
-0.243103 -1.10987
-0.254201 -1.10741
-0.265275 -1.10484
-0.276324 -1.10215
-0.287345 -1.09934
-0.298339 -1.09642
-0.309303 -1.09338
-0.320237 -1.09023
-0.331139 -1.08696
-0.342009 -1.08358
-0.352844 -1.08008
-0.363645 -1.07646
-0.37441 -1.07273
-0.385137 -1.06888
-0.395826 -1.06492
-0.406475 -1.06083
-0.417083 -1.05663
-0.42765 -1.05232
-0.438173 -1.04789
-0.448652 -1.04334
-0.459085 -1.03867
-0.469472 -1.03388
-0.479811 -1.02898
-0.4901 -1.02396
-0.50034 -1.01883
-0.510528 -1.01357
-0.520664 -1.0082
-0.530746 -1.00271
-0.540773 -0.997106
-0.550744 -0.991382
-0.560658 -0.98554
-0.570514 -0.979581
-0.580309 -0.973505
-0.590044 -0.967311
-0.599717 -0.961
-0.609327 -0.954571
-0.618873 -0.948025
-0.628353 -0.941362
-0.637767 -0.934583
-0.647113 -0.927686
-0.65639 -0.920673
-0.665596 -0.913544
-0.674732 -0.906298
-0.683795 -0.898936
-0.692784 -0.891459
-0.701699 -0.883866
-0.710538 -0.876158
-0.719299 -0.868335
-0.727982 -0.860398
-0.736586 -0.852346
-0.74511 -0.844181
-0.753552 -0.835903
-0.761911 -0.827512
-0.770186 -0.819008
-0.778376 -0.810392
-0.78648 -0.801665
-0.794496 -0.792828
-0.802425 -0.78388
-0.810264 -0.774822
-0.818012 -0.765655
-0.825668 -0.756381
-0.833232 -0.746998
-0.840702 -0.737509
-0.848077 -0.727913
-0.855356 -0.718213
-0.862538 -0.708408
-0.869623 -0.698499
-0.876608 -0.688487
-0.883492 -0.678374
-0.890276 -0.66816
-0.896958 -0.657846
-0.903536 -0.647433
-0.910011 -0.636922
-0.91638 -0.626315
-0.922643 -0.615612
-0.928799 -0.604815
-0.934847 -0.593924
-0.940786 -0.582942
-0.946616 -0.571869
-0.952335 -0.560706
-0.957942 -0.549455
-0.963436 -0.538118
-0.968817 -0.526695
-0.974084 -0.515188
-0.979236 -0.503599
-0.984272 -0.491928
-0.989191 -0.480178
-0.993993 -0.468351
-0.998677 -0.456447
-1.00324 -0.444468
-1.00769 -0.432416
-1.01201 -0.420293
-1.01621 -0.408099
-1.02029 -0.395838
-1.02425 -0.383511
-1.02809 -0.37112
-1.0318 -0.358666
-1.03539 -0.346151
-1.03885 -0.333577
-1.04218 -0.320946
-1.04539 -0.30826
-1.04847 -0.295522
-1.05143 -0.282732
-1.05426 -0.269893
-1.05696 -0.257007
-1.05953 -0.244075
-1.06197 -0.231101
-1.06428 -0.218086
-1.06646 -0.205033
-1.06851 -0.191942
-1.07043 -0.178817
-1.07222 -0.16566
-1.07387 -0.152472
-1.0754 -0.139257
-1.07679 -0.126015
-1.07805 -0.112751
-1.07918 -0.0994642
-1.08017 -0.0861588
-1.08103 -0.0728364
-1.08176 -0.0594994
-1.08236 -0.04615
-1.08282 -0.0327904
-1.08315 -0.019423
-1.08334 -0.00605006
-1.0834 0.00732624
-1.08333 0.0207036
-1.08312 0.0340796
-1.08278 0.0474522
-1.08231 0.0608189
-1.0817 0.0741776
-1.08096 0.0875259
-1.08008 0.100862
-1.07907 0.114182
-1.07793 0.127486
-1.07666 0.14077
-1.07525 0.154033
-1.07371 0.167272
-1.07204 0.180485
-1.07023 0.193669
-1.06829 0.206823
-1.06623 0.219944
-1.06403 0.233031
-1.0617 0.24608
-1.05923 0.259091
-1.05664 0.27206
-1.05392 0.284986
-1.05107 0.297866
-1.04809 0.310699
-1.04499 0.323483
-1.04175 0.336215
-1.03839 0.348894
-1.0349 0.361517
-1.03129 0.374083
-1.02755 0.386589
-1.02368 0.399035
-1.01969 0.411417
-1.01558 0.423734
-1.01134 0.435985
-1.00698 0.448167
-1.0025 0.460279
-0.997894 0.472319
-0.993171 0.484286
-0.988328 0.496177
-0.983366 0.507991
-0.978286 0.519726
-0.973089 0.531381
-0.967775 0.542955
-0.962345 0.554446
-0.956801 0.565852
-0.951142 0.577172
-0.945371 0.588404
-0.939487 0.599547
-0.933491 0.610601
-0.927385 0.621563
-0.92117 0.632432
-0.914845 0.643207
-0.908413 0.653886
-0.901874 0.66447
-0.89523 0.674956
-0.88848 0.685343
-0.881627 0.69563
-0.87467 0.705817
-0.867612 0.715902
-0.860453 0.725885
-0.853194 0.735763
-0.845837 0.745537
-0.838381 0.755206
-0.830829 0.764768
-0.823182 0.774224
-0.815439 0.783571
-0.807604 0.79281
-0.799675 0.801939
-0.791656 0.810959
-0.783547 0.819868
-0.775348 0.828665
-0.767061 0.837351
-0.758688 0.845924
-0.750228 0.854385
-0.741685 0.862731
-0.733057 0.870964
-0.724348 0.879083
-0.715557 0.887086
-0.706686 0.894975
-0.697736 0.902747
-0.688709 0.910404
-0.679605 0.917944
-0.670425 0.925368
-0.661172 0.932675
-0.651845 0.939865
-0.642446 0.946937
-0.632977 0.953892
-0.623438 0.960729
-0.613831 0.967448
-0.604156 0.974049
-0.594416 0.980532
-0.58461 0.986896
-0.574741 0.993141
-0.56481 0.999269
-0.554817 1.00528
-0.544764 1.01117
-0.534653 1.01694
-0.524483 1.02259
-0.514258 1.02812
-0.503976 1.03354
-0.493641 1.03883
-0.483253 1.04401
-0.472812 1.04907
-0.462322 1.05401
-0.451782 1.05883
-0.441193 1.06353
-0.430558 1.06812
-0.419877 1.07258
-0.409151 1.07693
-0.398382 1.08116
-0.38757 1.08527
-0.376718 1.08926
-0.365825 1.09313
-0.354894 1.09689
-0.343925 1.10053
-0.33292 1.10405
-0.321879 1.10745
-0.310805 1.11074
-0.299697 1.1139
-0.288558 1.11695
-0.277389 1.11989
-0.26619 1.1227
-0.254963 1.1254
-0.243709 1.12799
-0.232429 1.13045
-0.221124 1.1328
-0.209796 1.13504
-0.198446 1.13715
-0.187074 1.13915
-0.175683 1.14104
-0.164272 1.1428
-0.152844 1.14446
-0.1414 1.14599
-0.12994 1.14741
-0.118466 1.14871
-0.106979 1.1499
-0.0954797 1.15097
-0.0839699 1.15193
-0.0724506 1.15277
-0.0609229 1.1535
-0.0493879 1.15411
-0.0378469 1.1546
-0.0263009 1.15498
-0.0147511 1.15524
-0.00319863 1.15539
0.00835527 1.15542
0.0199095 1.15534
0.0314629 1.15514
0.0430143 1.15482
0.0545625 1.15439
0.0661065 1.15385
0.077645 1.15319
0.0891768 1.15241
0.100701 1.15152
0.112216 1.15051
0.123721 1.14938
0.135215 1.14814
0.146696 1.14678
0.158164 1.14531
0.169617 1.14372
0.181055 1.14202
0.192475 1.14019
0.203877 1.13825
0.215259 1.1362
0.226621 1.13403
0.237961 1.13174
0.249279 1.12933
0.260572 1.12681
0.27184 1.12416
0.283082 1.12141
0.294296 1.11853
0.305481 1.11554
0.316637 1.11242
0.327761 1.10919
0.338853 1.10585
0.349911 1.10238
0.360935 1.0988
0.371923 1.09509
0.382874 1.09127
0.393787 1.08733
0.40466 1.08327
0.415493 1.07909
0.426283 1.07479
0.437031 1.07037
0.447735 1.06584
0.458393 1.06118
0.469005 1.0564
0.479569 1.05151
0.490084 1.04649
0.500549 1.04135
0.510963 1.0361
0.521324 1.03072
0.531631 1.02522
0.541883 1.01961
0.552079 1.01387
0.562218 1.00801
0.572298 1.00204
0.582318 0.995938
0.592278 0.98972
0.602175 0.983381
0.612009 0.976923
0.621778 0.970344
0.631482 0.963646
0.641118 0.956827
0.650686 0.949889
0.660185 0.942831
0.669613 0.935654
0.67897 0.928357
0.688254 0.920942
0.697463 0.913407
0.706597 0.905754
0.715655 0.897982
0.724634 0.890093
0.733535 0.882085
0.742356 0.873961
0.751096 0.865719
0.759753 0.85736
0.768327 0.848886
0.776815 0.840295
0.785218 0.83159
0.793534 0.822769
0.801762 0.813835
0.8099 0.804786
0.817948 0.795625
0.825904 0.786351
0.833768 0.776965
0.841538 0.767468
0.849212 0.757861
0.856791 0.748144
0.864272 0.738318
0.871656 0.728384
0.878939 0.718343
0.886123 0.708196
0.893205 0.697943
0.900184 0.687585
0.90706 0.677125
0.913831 0.666562
0.920497 0.655897
0.927056 0.645132
0.933507 0.634268
0.93985 0.623306
0.946083 0.612247
0.952205 0.601093
0.958216 0.589844
0.964115 0.578502
0.9699 0.567069
0.97557 0.555545
0.981126 0.543932
0.986565 0.532232
0.991888 0.520446
0.997092 0.508575
1.00218 0.496622
1.00714 0.484587
1.01199 0.472472
1.01671 0.46028
1.02132 0.448011
1.0258 0.435667
1.03015 0.42325
1.03439 0.410762
1.03849 0.398205
1.04248 0.38558
1.04633 0.372889
1.05006 0.360135
1.05366 0.347318
1.05714 0.334442
1.06048 0.321508
1.0637 0.308518
1.06678 0.295474
1.06973 0.282378
1.07256 0.269233
1.07525 0.256039
1.07781 0.2428
1.08024 0.229518
1.08253 0.216195
1.0847 0.202832
1.08672 0.189433
1.08862 0.175999
1.09038 0.162532
1.092 0.149036
1.09349 0.135511
1.09485 0.121961
1.09607 0.108388
1.09715 0.0947938
1.0981 0.0811808
1.09891 0.0675516
1.09959 0.0539083
1.10013 0.0402534
1.10053 0.0265892
1.1008 0.0129181
1.10093 -0.000757678
1.10092 -0.0144357
1.10077 -0.0281135
1.10049 -0.0417889
1.10007 -0.0554594
1.09952 -0.0691226
1.09883 -0.0827764
1.098 -0.0964182
1.09704 -0.110046
1.09594 -0.123657
1.0947 -0.137249
1.09333 -0.150819
1.09182 -0.164366
1.09018 -0.177888
1.0884 -0.191381
1.08648 -0.204843
1.08443 -0.218273
1.08225 -0.231668
1.07993 -0.245026
1.07748 -0.258344
1.0749 -0.271621
1.07218 -0.284854
1.06934 -0.298041
1.06636 -0.31118
1.06324 -0.324268
1.06 -0.337305
1.05663 -0.350287
1.05313 -0.363212
1.04949 -0.37608
1.04573 -0.388887
1.04184 -0.401631
1.03783 -0.414311
1.03368 -0.426925
1.02942 -0.439471
1.02502 -0.451947
1.0205 -0.464351
1.01586 -0.476682
1.01109 -0.488937
1.0062 -0.501115
1.00119 -0.513214
0.996058 -0.525233
0.990806 -0.53717
0.985434 -0.549024
0.979944 -0.560792
0.974336 -0.572474
0.968611 -0.584067
0.96277 -0.59557
0.956815 -0.606983
0.950745 -0.618303
0.944562 -0.629529
0.938267 -0.64066
0.93186 -0.651695
0.925343 -0.662632
0.918717 -0.67347
0.911982 -0.684208
0.90514 -0.694845
0.898191 -0.70538
0.891138 -0.715811
0.88398 -0.726137
0.876718 -0.736359
0.869355 -0.746474
0.86189 -0.756481
0.854325 -0.766381
0.846661 -0.776171
0.838899 -0.785851
0.831041 -0.795421
0.823087 -0.80488
0.815038 -0.814226
0.806896 -0.823459
0.798661 -0.832579
0.790335 -0.841584
0.78192 -0.850475
0.773415 -0.85925
0.764822 -0.867909
0.756143 -0.876452
0.747379 -0.884878
0.73853 -0.893187
0.729598 -0.901378
0.720584 -0.909451
0.71149 -0.917405
0.702316 -0.92524
0.693063 -0.932956
0.683734 -0.940553
0.674328 -0.948029
0.664848 -0.955386
0.655294 -0.962622
0.645668 -0.969738
0.63597 -0.976733
0.626203 -0.983607
0.616367 -0.99036
0.606463 -0.996992
0.596493 -1.0035
0.586458 -1.00989
0.57636 -1.01616
0.566198 -1.02231
0.555975 -1.02833
0.545692 -1.03424
0.535349 -1.04002
0.524949 -1.04568
0.514492 -1.05122
0.50398 -1.05663
0.493414 -1.06193
0.482794 -1.0671
0.472123 -1.07216
0.461402 -1.07709
0.450631 -1.0819
0.439812 -1.08659
0.428946 -1.09116
0.418035 -1.0956
0.407078 -1.09993
0.396079 -1.10414
0.385038 -1.10822
0.373956 -1.11219
0.362834 -1.11603
0.351673 -1.11975
0.340476 -1.12336
0.329242 -1.12684
0.317974 -1.1302
0.306672 -1.13345
0.295337 -1.13657
0.283972 -1.13958
0.272576 -1.14246
0.261151 -1.14523
0.249699 -1.14788
0.23822 -1.15041
0.226716 -1.15281
0.215188 -1.1551
0.203637 -1.15728
0.192064 -1.15933
0.180471 -1.16126
0.168858 -1.16308
0.157227 -1.16478
0.14558 -1.16636
0.133916 -1.16782
0.122238 -1.16917
0.110546 -1.17039
0.0988422 -1.1715
0.0871272 -1.17249
0.0754023 -1.17336
0.0636687 -1.17412
0.0519275 -1.17475
0.04018 -1.17527
0.0284272 -1.17568
0.0166705 -1.17596
0.00491085 -1.17613
-0.00685042 -1.17618
-0.0186122 -1.17611
-0.0303733 -1.17592
-0.0421325 -1.17562
-0.0538887 -1.1752
-0.0656406 -1.17466
-0.0773872 -1.174
-0.0891272 -1.17323
-0.100859 -1.17233
-0.112583 -1.17132
-0.124296 -1.17019
-0.135998 -1.16895
-0.147687 -1.16758
-0.159363 -1.1661
-0.171024 -1.1645
-0.182669 -1.16278
-0.194297 -1.16094
-0.205906 -1.15898
-0.217496 -1.1569
-0.229065 -1.15471
-0.240612 -1.15239
-0.252136 -1.14996
-0.263636 -1.14741
-0.27511 -1.14473
-0.286557 -1.14194
-0.297977 -1.13903
-0.309367 -1.13599
-0.320727 -1.13284
-0.332055 -1.12957
-0.343351 -1.12617
-0.354613 -1.12266
-0.365839 -1.11902
-0.377029 -1.11527
-0.388182 -1.11139
-0.399296 -1.10739
-0.41037 -1.10327
-0.421403 -1.09903
-0.432393 -1.09467
-0.44334 -1.09018
-0.454241 -1.08557
-0.465097 -1.08084
-0.475906 -1.07599
-0.486666 -1.07102
-0.497376 -1.06592
-0.508035 -1.0607
-0.518642 -1.05536
-0.529195 -1.04989
-0.539694 -1.0443
-0.550137 -1.03859
-0.560523 -1.03276
-0.570851 -1.0268
-0.581119 -1.02072
-0.591326 -1.01452
-0.601471 -1.00819
-0.611553 -1.00174
-0.621571 -0.995166
-0.631522 -0.98847
-0.641407 -0.981651
-0.651223 -0.974709
-0.66097 -0.967645
-0.670647 -0.960457
-0.680252 -0.953148
-0.689783 -0.945716
-0.69924 -0.938161
-0.708622 -0.930485
-0.717927 -0.922687
-0.727153 -0.914768
-0.736301 -0.906727
-0.745368 -0.898566
-0.754354 -0.890284
-0.763257 -0.881882
-0.772076 -0.87336
-0.780809 -0.864719
-0.789457 -0.855959
-0.798016 -0.84708
-0.806487 -0.838084
-0.814868 -0.82897
-0.823157 -0.819739
-0.831355 -0.810392
-0.839459 -0.800929
-0.847468 -0.791351
-0.855382 -0.781659
-0.863198 -0.771854
-0.870917 -0.761936
-0.878536 -0.751905
-0.886055 -0.741764
-0.893473 -0.731512
-0.900788 -0.721151
-0.907999 -0.710681
-0.915106 -0.700104
-0.922107 -0.68942
-0.929001 -0.678631
-0.935788 -0.667737
-0.942465 -0.65674
-0.949033 -0.645641
-0.955489 -0.634442
-0.961833 -0.623142
-0.968065 -0.611744
-0.974182 -0.600249
-0.980185 -0.588658
-0.986071 -0.576973
-0.991841 -0.565195
-0.997493 -0.553325
-1.00303 -0.541365
-1.00844 -0.529316
-1.01373 -0.517181
-1.0189 -0.50496
-1.02395 -0.492655
-1.02888 -0.480269
-1.03368 -0.467801
-1.03836 -0.455256
-1.04291 -0.442633
-1.04734 -0.429935
-1.05164 -0.417164
-1.05581 -0.404321
-1.05985 -0.391409
-1.06377 -0.37843
-1.06755 -0.365385
-1.07121 -0.352276
-1.07473 -0.339105
-1.07812 -0.325875
-1.08138 -0.312588
-1.08451 -0.299245
-1.0875 -0.285849
-1.09036 -0.272402
-1.09308 -0.258905
-1.09567 -0.245362
-1.09812 -0.231775
-1.10044 -0.218145
-1.10262 -0.204476
-1.10467 -0.190769
-1.10657 -0.177026
-1.10834 -0.16325
-1.10998 -0.149444
-1.11147 -0.135609
-1.11283 -0.121748
-1.11405 -0.107863
-1.11512 -0.0939576
-1.11606 -0.0800331
-1.11686 -0.0660921
-1.11752 -0.0521371
-1.11805 -0.0381706
-1.11843 -0.024195
-1.11867 -0.0102126
-1.11877 0.00377391
-1.11873 0.0177623
-1.11856 0.0317499
-1.11824 0.0457345
-1.11778 0.0597135
-1.11718 0.0736845
-1.11645 0.0876451
-1.11557 0.101593
-1.11456 0.115525
-1.1134 0.12944
-1.11211 0.143334
-1.11067 0.157206
-1.1091 0.171053
-1.10739 0.184873
-1.10554 0.198663
-1.10355 0.212421
-1.10143 0.226144
-1.09917 0.239831
-1.09677 0.253478
-1.09424 0.267085
-1.09157 0.280647
-1.08876 0.294164
-1.08582 0.307633
-1.08274 0.321052
-1.07953 0.334418
-1.07619 0.347729
-1.07271 0.360984
-1.0691 0.37418
-1.06536 0.387315
-1.06148 0.400386
-1.05748 0.413393
-1.05335 0.426333
-1.04908 0.439204
-1.04469 0.452004
-1.04017 0.464731
-1.03552 0.477384
-1.03075 0.48996
-1.02585 0.502458
-1.02083 0.514875
-1.01568 0.527211
-1.0104 0.539463
-1.00501 0.551631
-0.999493 0.563711
-0.993856 0.575703
-0.988099 0.587605
-0.982223 0.599415
-0.976229 0.611133
-0.970118 0.622756
-0.96389 0.634283
-0.957547 0.645713
-0.95109 0.657044
-0.94452 0.668276
-0.937837 0.679406
-0.931043 0.690434
-0.924139 0.701359
-0.917125 0.712179
-0.910003 0.722893
-0.902774 0.7335
-0.895439 0.743999
-0.887999 0.75439
-0.880456 0.76467
-0.872809 0.77484
-0.86506 0.784898
-0.857211 0.794843
-0.849263 0.804675
-0.841216 0.814392
-0.833072 0.823995
-0.824832 0.833482
-0.816498 0.842853
-0.808069 0.852106
-0.799548 0.861242
-0.790936 0.87026
-0.782233 0.879159
-0.773441 0.887939
-0.764562 0.896599
-0.755596 0.905138
-0.746545 0.913557
-0.737409 0.921854
-0.72819 0.93003
-0.71889 0.938085
-0.709509 0.946017
-0.700049 0.953826
-0.690511 0.961513
-0.680896 0.969076
-0.671205 0.976516
-0.66144 0.983833
-0.651602 0.991026
-0.641691 0.998096
-0.63171 1.00504
-0.62166 1.01186
-0.611541 1.01856
-0.601356 1.02513
-0.591104 1.03158
-0.580789 1.0379
-0.570409 1.0441
-0.559968 1.05018
-0.549467 1.05613
-0.538905 1.06196
-0.528286 1.06766
-0.517609 1.07324
-0.506877 1.07869
-0.49609 1.08402
-0.48525 1.08922
-0.474357 1.09431
-0.463414 1.09926
-0.452422 1.1041
-0.441381 1.10881
-0.430293 1.11339
-0.419159 1.11785
-0.40798 1.12219
-0.396758 1.12641
-0.385494 1.1305
-0.374189 1.13447
-0.362845 1.13832
-0.351461 1.14204
-0.340041 1.14564
-0.328585 1.14912
-0.317093 1.15248
-0.305569 1.15571
-0.294011 1.15883
-0.282423 1.16182
-0.270805 1.16469
-0.259158 1.16743
-0.247484 1.17006
-0.235783 1.17257
-0.224058 1.17495
-0.212308 1.17721
-0.200536 1.17935
-0.188742 1.18138
-0.176929 1.18328
-0.165096 1.18506
-0.153245 1.18672
-0.141378 1.18826
-0.129496 1.18968
-0.117599 1.19098
-0.105689 1.19215
-0.0937676 1.19321
-0.0818354 1.19415
-0.0698939 1.19497
-0.0579442 1.19567
-0.0459874 1.19625
-0.0340249 1.19671
-0.0220578 1.19705
-0.0100873 1.19727
0.00188546 1.19737
0.0138592 1.19736
0.0258328 1.19722
0.0378049 1.19696
0.0497745 1.19658
0.0617403 1.19608
0.0737011 1.19546
0.0856558 1.19473
0.097603 1.19387
0.109542 1.19289
0.121471 1.19179
0.133389 1.19057
0.145294 1.18924
0.157187 1.18778
0.169064 1.1862
0.180926 1.1845
0.192771 1.18268
0.204598 1.18073
0.216405 1.17867
0.228192 1.17649
0.239957 1.17418
0.251699 1.17175
0.263416 1.1692
0.275108 1.16653
0.286774 1.16374
0.298411 1.16083
0.310019 1.15779
0.321597 1.15463
0.333144 1.15135
0.344657 1.14794
0.356136 1.14441
0.367581 1.14076
0.378988 1.13699
0.390358 1.13309
0.401689 1.12906
0.41298 1.12492
0.424229 1.12065
0.435435 1.11625
0.446598 1.11173
0.457715 1.10709
0.468786 1.10232
0.479809 1.09743
0.490783 1.09241
0.501707 1.08726
0.51258 1.08199
0.5234 1.0766
0.534166 1.07108
0.544877 1.06543
0.555531 1.05966
0.566128 1.05376
0.576665 1.04774
0.587143 1.04159
0.597558 1.03531
0.607912 1.02891
0.618201 1.02238
0.628424 1.01572
0.638582 1.00894
0.648671 1.00204
0.658691 0.995004
0.668642 0.987846
0.67852 0.980562
0.688326 0.973152
0.698057 0.965616
0.707713 0.957955
0.717293 0.950169
0.726795 0.942258
0.736217 0.934222
0.745559 0.926062
0.75482 0.917778
0.763998 0.909369
0.773091 0.900837
0.7821 0.892182
0.791022 0.883405
0.799856 0.874505
0.808601 0.865483
0.817256 0.856339
0.825819 0.847075
0.83429 0.83769
0.842667 0.828186
0.850948 0.818563
0.859134 0.808821
0.867222 0.798961
0.875212 0.788984
0.883102 0.778892
0.890891 0.768683
0.898577 0.75836
0.906161 0.747923
0.91364 0.737373
0.921014 0.726712
0.928281 0.715939
0.935441 0.705056
0.942491 0.694065
0.949432 0.682966
0.956261 0.67176
0.962979 0.660448
0.969583 0.649032
0.976074 0.637513
0.982449 0.625893
0.988708 0.614172
0.99485 0.602352
1.00087 0.590434
1.00678 0.57842
1.01256 0.566311
1.01822 0.554109
1.02377 0.541816
1.02918 0.529432
1.03448 0.51696
1.03965 0.504401
1.04469 0.491757
1.04961 0.47903
1.0544 0.466221
1.05906 0.453333
1.0636 0.440366
1.068 0.427324
1.07227 0.414208
1.07641 0.401019
1.08042 0.387761
1.0843 0.374434
1.08805 0.361041
1.09166 0.347585
1.09513 0.334066
1.09847 0.320488
1.10168 0.306853
1.10475 0.293162
1.10768 0.279417
1.11047 0.265623
1.11313 0.251779
1.11565 0.237889
1.11803 0.223956
1.12027 0.20998
1.12236 0.195966
1.12432 0.181915
1.12614 0.167829
1.12782 0.153711
1.12936 0.139564
1.13075 0.125389
1.13201 0.11119
1.13312 0.0969687
1.13409 0.0827277
1.13492 0.0684696
1.1356 0.0541968
1.13614 0.0399118
1.13654 0.0256173
1.1368 0.0113156
1.13691 -0.00299056
1.13688 -0.0172988
1.13671 -0.0316064
1.13639 -0.045911
1.13593 -0.06021
1.13533 -0.0745009
1.13459 -0.088781
1.1337 -0.103048
1.13267 -0.117299
1.1315 -0.131532
1.13018 -0.145744
1.12872 -0.159933
1.12712 -0.174097
1.12538 -0.188232
1.1235 -0.202336
1.12148 -0.216407
1.11931 -0.230443
1.11701 -0.244441
1.11456 -0.258399
1.11198 -0.272313
1.10926 -0.286183
1.1064 -0.300005
1.1034 -0.313778
1.10026 -0.327499
1.09698 -0.341165
1.09357 -0.354775
1.09002 -0.368326
1.08634 -0.381817
1.08252 -0.395244
1.07857 -0.408607
1.07448 -0.421902
1.07026 -0.435128
1.06591 -0.448282
1.06143 -0.461363
1.05682 -0.474369
1.05207 -0.487298
1.0472 -0.500148
1.0422 -0.512917
1.03707 -0.525603
1.03181 -0.538204
1.02643 -0.550719
1.02092 -0.563146
1.01529 -0.575484
1.00954 -0.58773
1.00366 -0.599883
0.997662 -0.611942
0.991542 -0.623904
0.985303 -0.63577
0.978945 -0.647536
0.97247 -0.659201
0.965878 -0.670765
0.95917 -0.682226
0.952348 -0.693583
0.945412 -0.704834
0.938364 -0.715978
0.931204 -0.727014
0.923934 -0.737941
0.916555 -0.748758
0.909067 -0.759464
0.901472 -0.770057
0.893772 -0.780537
0.885966 -0.790902
0.878057 -0.801153
0.870046 -0.811287
0.861933 -0.821305
0.85372 -0.831205
0.845408 -0.840987
0.836998 -0.850649
0.828492 -0.860192
0.81989 -0.869614
0.811194 -0.878915
0.802404 -0.888095
0.793523 -0.897152
0.784552 -0.906087
0.775491 -0.914898
0.766342 -0.923586
0.757106 -0.932149
0.747785 -0.940588
0.738379 -0.948902
0.72889 -0.957091
0.719319 -0.965155
0.709667 -0.973092
0.699936 -0.980904
0.690127 -0.988589
0.680241 -0.996148
0.67028 -1.00358
0.660244 -1.01088
0.650135 -1.01806
0.639955 -1.02511
0.629704 -1.03204
0.619383 -1.03883
0.608995 -1.0455
0.59854 -1.05204
0.588019 -1.05846
0.577435 -1.06475
0.566787 -1.07091
0.556078 -1.07694
0.545309 -1.08284
0.534481 -1.08862
0.523594 -1.09427
0.512652 -1.09979
0.501654 -1.10519
0.490602 -1.11046
0.479497 -1.1156
0.468341 -1.12062
0.457135 -1.1255
0.44588 -1.13027
0.434577 -1.1349
0.423228 -1.13941
0.411834 -1.1438
0.400396 -1.14805
0.388916 -1.15219
0.377394 -1.15619
0.365832 -1.16007
0.354231 -1.16383
0.342593 -1.16746
0.330918 -1.17097
0.319209 -1.17435
0.307465 -1.17761
0.295689 -1.18074
0.283882 -1.18375
0.272044 -1.18663
0.260178 -1.18939
0.248284 -1.19203
0.236364 -1.19454
0.224418 -1.19693
0.212449 -1.1992
0.200457 -1.20135
0.188443 -1.20337
0.17641 -1.20526
0.164357 -1.20704
0.152287 -1.20869
0.1402 -1.21022
0.128097 -1.21163
0.115981 -1.21291
0.103852 -1.21408
0.0917113 -1.21512
0.0795601 -1.21604
0.0673997 -1.21683
0.0552314 -1.21751
0.0430563 -1.21806
0.0308757 -1.21849
0.0186908 -1.2188
0.00650282 -1.21899
-0.00568705 -1.21905
-0.0178776 -1.21899
-0.0300675 -1.21882
-0.0422557 -1.21852
-0.0544408 -1.21809
-0.0666217 -1.21755
-0.0787972 -1.21688
-0.090966 -1.21609
-0.103127 -1.21518
-0.115279 -1.21415
-0.12742 -1.21299
-0.13955 -1.21171
-0.151667 -1.21031
-0.16377 -1.20879
-0.175858 -1.20714
-0.18793 -1.20537
-0.199983 -1.20348
-0.212018 -1.20146
-0.224033 -1.19932
-0.236026 -1.19706
-0.247997 -1.19468
-0.259943 -1.19217
-0.271865 -1.18953
-0.28376 -1.18677
-0.295628 -1.18389
-0.307467 -1.18088
-0.319276 -1.17775
-0.331053 -1.17449
-0.342798 -1.17111
-0.354509 -1.1676
-0.366185 -1.16396
-0.377825 -1.1602
-0.389427 -1.15632
-0.40099 -1.15231
-0.412513 -1.14817
-0.423995 -1.1439
-0.435434 -1.13951
-0.446829 -1.13499
-0.458179 -1.13034
-0.469482 -1.12557
-0.480738 -1.12067
-0.491945 -1.11564
-0.503101 -1.11048
-0.514206 -1.10519
-0.525258 -1.09978
-0.536255 -1.09424
-0.547198 -1.08857
-0.558084 -1.08277
-0.568911 -1.07684
-0.57968 -1.07078
-0.590387 -1.06459
-0.601033 -1.05828
-0.611616 -1.05183
-0.622134 -1.04526
-0.632587 -1.03856
-0.642973 -1.03173
-0.65329 -1.02476
-0.663538 -1.01767
-0.673714 -1.01045
-0.683819 -1.00311
-0.69385 -0.995627
-0.703806 -0.988021
-0.713686 -0.980286
-0.723489 -0.972422
-0.733213 -0.964429
-0.742858 -0.956309
-0.752421 -0.94806
-0.761901 -0.939684
-0.771298 -0.931181
-0.78061 -0.92255
-0.789836 -0.913793
-0.798973 -0.904909
-0.808023 -0.895899
-0.816982 -0.886764
-0.825849 -0.877503
-0.834624 -0.868118
-0.843305 -0.858609
-0.851891 -0.848977
-0.860381 -0.839221
-0.868773 -0.829344
-0.877067 -0.819345
-0.88526 -0.809225
-0.893353 -0.798984
-0.901342 -0.788625
-0.909229 -0.778147
-0.91701 -0.767551
-0.924686 -0.756839
-0.932254 -0.746011
-0.939714 -0.735068
-0.947065 -0.724011
-0.954305 -0.712842
-0.961433 -0.70156
-0.968449 -0.690169
-0.975351 -0.678667
-0.982137 -0.667058
-0.988808 -0.655342
-0.995361 -0.64352
-1.0018 -0.631595
-1.00811 -0.619566
-1.01431 -0.607436
-1.02038 -0.595205
-1.02633 -0.582877
-1.03216 -0.570451
-1.03787 -0.55793
-1.04345 -0.545316
-1.0489 -0.532609
-1.05423 -0.519812
-1.05942 -0.506927
-1.06449 -0.493954
-1.06943 -0.480897
-1.07424 -0.467756
-1.07892 -0.454534
-1.08347 -0.441233
-1.08788 -0.427855
-1.09216 -0.414401
-1.0963 -0.400874
-1.10031 -0.387276
-1.10418 -0.373609
-1.10792 -0.359874
-1.11152 -0.346075
-1.11498 -0.332214
-1.1183 -0.318292
-1.12148 -0.304312
-1.12453 -0.290276
-1.12743 -0.276186
-1.13019 -0.262046
-1.13281 -0.247857
-1.13529 -0.233621
-1.13763 -0.219342
-1.13982 -0.205021
-1.14187 -0.190661
-1.14378 -0.176265
-1.14554 -0.161835
-1.14716 -0.147373
-1.14863 -0.132882
-1.14996 -0.118365
-1.15114 -0.103824
-1.15218 -0.0892614
-1.15307 -0.0746805
-1.15382 -0.0600836
-1.15442 -0.0454732
-1.15488 -0.030852
-1.15518 -0.0162227
-1.15535 -0.00158775
-1.15536 0.0130501
-1.15523 0.0276882
-1.15496 0.042324
-1.15453 0.0569548
-1.15396 0.071578
-1.15325 0.0861909
-1.15238 0.100791
-1.15138 0.115375
-1.15022 0.129942
-1.14892 0.144488
-1.14748 0.15901
-1.14589 0.173507
-1.14415 0.187975
-1.14227 0.202412
-1.14025 0.216816
-1.13808 0.231183
-1.13577 0.245512
-1.13331 0.2598
-1.13072 0.274044
-1.12798 0.288243
-1.12509 0.302393
-1.12207 0.316492
-1.1189 0.330538
-1.1156 0.344529
-1.11215 0.358462
-1.10857 0.372335
-1.10485 0.386145
-1.10098 0.399891
-1.09699 0.41357
-1.09285 0.42718
-1.08858 0.440719
-1.08417 0.454185
-1.07963 0.467575
-1.07495 0.480888
-1.07014 0.494122
-1.0652 0.507274
-1.06013 0.520344
-1.05493 0.533328
-1.04959 0.546225
-1.04413 0.559034
-1.03854 0.571752
-1.03282 0.584377
-1.02698 0.596909
-1.02101 0.609345
-1.01492 0.621684
-1.0087 0.633924
-1.00236 0.646064
-0.995901 0.658102
-0.98932 0.670036
-0.982619 0.681866
-0.975801 0.69359
-0.968865 0.705206
-0.961813 0.716713
-0.954646 0.728111
-0.947365 0.739398
-0.939971 0.750572
-0.932465 0.761633
-0.924849 0.772579
-0.917123 0.783409
-0.909289 0.794123
-0.901347 0.80472
-0.8933 0.815198
-0.885148 0.825557
-0.876893 0.835795
-0.868535 0.845913
-0.860076 0.855908
-0.851517 0.865781
-0.842859 0.875531
-0.834103 0.885158
-0.825252 0.894659
-0.816305 0.904036
-0.807265 0.913287
-0.798132 0.922412
-0.788908 0.93141
-0.779594 0.940281
-0.770191 0.949024
-0.760701 0.95764
-0.751124 0.966127
-0.741463 0.974486
-0.731718 0.982716
-0.721891 0.990817
-0.711983 0.998788
-0.701995 1.00663
-0.691929 1.01434
-0.681785 1.02192
-0.671566 1.02938
-0.661272 1.0367
-0.650905 1.04389
-0.640466 1.05095
-0.629957 1.05788
-0.619378 1.06468
-0.608731 1.07135
-0.598018 1.07789
-0.587239 1.08429
-0.576396 1.09057
-0.56549 1.09672
-0.554523 1.10273
-0.543496 1.10862
-0.53241 1.11438
-0.521266 1.12
-0.510066 1.1255
-0.498811 1.13086
-0.487502 1.1361
-0.476141 1.14121
-0.464729 1.14618
-0.453267 1.15103
-0.441757 1.15575
-0.4302 1.16034
-0.418596 1.1648
-0.406948 1.16914
-0.395257 1.17334
-0.383523 1.17742
-0.371749 1.18136
-0.359936 1.18518
-0.348084 1.18888
-0.336195 1.19244
-0.324271 1.19588
-0.312312 1.19919
-0.30032 1.20237
-0.288296 1.20543
-0.276242 1.20836
-0.264158 1.21117
-0.252046 1.21385
-0.239908 1.2164
-0.227744 1.21883
-0.215556 1.22113
-0.203344 1.2233
-0.191111 1.22535
-0.178858 1.22728
-0.166585 1.22908
-0.154294 1.23075
-0.141987 1.2323
-0.129664 1.23373
-0.117327 1.23503
-0.104976 1.23621
-0.0926142 1.23726
-0.0802416 1.23819
-0.0678598 1.23899
-0.0554699 1.23967
-0.0430732 1.24022
-0.0306709 1.24065
-0.0182644 1.24096
-0.00585479 1.24114
0.00655665 1.2412
0.0189687 1.24114
0.03138 1.24095
0.0437895 1.24063
0.0561958 1.2402
0.0685978 1.23963
0.0809941 1.23895
0.0933836 1.23814
0.105765 1.2372
0.118137 1.23614
0.130498 1.23495
0.142848 1.23365
0.155184 1.23221
0.167506 1.23065
0.179813 1.22897
0.192103 1.22716
0.204374 1.22522
0.216626 1.22316
0.228858 1.22098
0.241068 1.21866
0.253254 1.21622
0.265417 1.21366
0.277553 1.21097
0.289663 1.20815
0.301744 1.2052
0.313796 1.20213
0.325818 1.19893
0.337807 1.1956
0.349763 1.19215
0.361685 1.18857
0.37357 1.18485
0.385419 1.18101
0.397229 1.17705
0.408999 1.17295
0.420729 1.16872
0.432416 1.16436
0.44406 1.15988
0.455659 1.15526
0.467211 1.15052
0.478716 1.14564
0.490173 1.14063
0.501579 1.1355
0.512934 1.13023
0.524236 1.12483
0.535485 1.1193
0.546678 1.11364
0.557814 1.10784
0.568893 1.10192
0.579912 1.09586
0.59087 1.08967
0.601767 1.08335
0.612601 1.0769
0.62337 1.07031
0.634073 1.06359
0.644709 1.05674
0.655276 1.04976
0.665774 1.04264
0.6762 1.0354
0.686554 1.02802
0.696834 1.0205
0.707039 1.01286
0.717168 1.00508
0.727219 0.997172
0.73719 0.989131
0.747082 0.980957
0.756891 0.972653
0.766618 0.964217
0.77626 0.955649
0.785816 0.946951
0.795286 0.938122
0.804667 0.929164
0.813959 0.920075
0.82316 0.910857
0.832268 0.90151
0.841283 0.892034
0.850204 0.88243
0.859028 0.872699
0.867755 0.862841
0.876383 0.852857
0.884912 0.842747
0.893339 0.832512
0.901664 0.822152
0.909886 0.81167
0.918003 0.801064
0.926013 0.790337
0.933917 0.779489
0.941712 0.76852
0.949397 0.757433
0.956971 0.746228
0.964433 0.734905
0.971782 0.723467
0.979017 0.711913
0.986136 0.700246
0.993139 0.688467
1.00002 0.676577
1.00679 0.664576
1.01343 0.652467
1.01996 0.640251
1.02636 0.62793
1.03264 0.615504
1.0388 0.602975
1.04483 0.590345
1.05073 0.577616
1.05651 0.564788
1.06215 0.551865
1.06767 0.538846
1.07306 0.525736
1.07832 0.512534
1.08344 0.499243
1.08844 0.485865
1.09329 0.472402
1.09802 0.458855
1.10261 0.445227
1.10706 0.43152
1.11137 0.417736
1.11555 0.403877
1.11959 0.389945
1.12349 0.375942
1.12725 0.361871
1.13087 0.347734
1.13435 0.333533
1.13768 0.31927
1.14087 0.304948
1.14392 0.290569
1.14683 0.276136
1.14959 0.261651
1.15221 0.247117
1.15468 0.232536
1.157 0.21791
1.15918 0.203242
1.16121 0.188535
1.1631 0.173791
1.16484 0.159014
1.16643 0.144204
1.16787 0.129366
1.16916 0.114501
1.17031 0.0996134
1.1713 0.0847046
1.17215 0.0697776
1.17285 0.0548351
1.1734 0.0398799
1.1738 0.0249147
1.17405 0.00994226
1.17415 -0.00503478
1.1741 -0.0200136
1.1739 -0.0349916
1.17355 -0.0499658
1.17305 -0.0649337
1.1724 -0.0798925
1.1716 -0.0948394
1.17065 -0.109772
1.16955 -0.124687
1.1683 -0.139582
1.16691 -0.154454
1.16536 -0.169301
1.16367 -0.18412
1.16183 -0.198908
1.15984 -0.213663
1.1577 -0.228382
1.15542 -0.243062
1.15299 -0.257702
1.15041 -0.272297
1.14769 -0.286846
1.14482 -0.301347
1.14181 -0.315796
1.13865 -0.330191
1.13535 -0.34453
1.1319 -0.35881
1.12831 -0.37303
1.12458 -0.387186
1.12071 -0.401276
1.1167 -0.415299
1.11255 -0.429251
1.10825 -0.44313
1.10382 -0.456935
1.09925 -0.470663
1.09455 -0.484312
1.0897 -0.49788
1.08472 -0.511365
1.07961 -0.524765
1.07436 -0.538078
1.06898 -0.551302
1.06347 -0.564435
1.05783 -0.577475
1.05205 -0.590421
1.04615 -0.60327
1.04011 -0.616021
1.03395 -0.628673
1.02767 -0.641223
1.02125 -0.65367
1.01472 -0.666013
1.00806 -0.67825
1.00128 -0.690379
0.994371 -0.7024
0.987347 -0.71431
0.980204 -0.726108
0.972943 -0.737794
0.965565 -0.749365
0.958072 -0.760822
0.950463 -0.772161
0.942742 -0.783383
0.934908 -0.794486
0.926963 -0.80547
0.918908 -0.816332
0.910745 -0.827073
0.902474 -0.837691
0.894097 -0.848186
0.885615 -0.858557
0.87703 -0.868802
0.868342 -0.878921
0.859553 -0.888914
0.850664 -0.89878
0.841676 -0.908518
0.832591 -0.918127
0.823409 -0.927607
0.814133 -0.936958
0.804764 -0.946179
0.795302 -0.955269
0.785749 -0.964228
0.776107 -0.973055
0.766376 -0.981751
0.756559 -0.990315
0.746656 -0.998747
0.736668 -1.00705
0.726598 -1.01521
0.716446 -1.02325
0.706213 -1.03115
0.695902 -1.03891
0.685513 -1.04655
0.675047 -1.05404
0.664507 -1.06141
0.653893 -1.06864
0.643206 -1.07574
0.632449 -1.0827
0.621622 -1.08953
0.610726 -1.09623
0.599764 -1.10279
0.588736 -1.10922
0.577644 -1.11552
0.566489 -1.12168
0.555272 -1.12771
0.543995 -1.1336
0.532659 -1.13937
0.521265 -1.145
0.509815 -1.15049
0.49831 -1.15585
0.486752 -1.16108
0.475141 -1.16618
0.463479 -1.17115
0.451767 -1.17598
0.440008 -1.18069
0.428201 -1.18526
0.416348 -1.18969
0.404451 -1.194
0.392511 -1.19818
0.380529 -1.20223
0.368507 -1.20614
0.356446 -1.20993
0.344347 -1.21358
0.332211 -1.21711
0.32004 -1.2205
0.307835 -1.22377
0.295597 -1.2269
0.283328 -1.22991
0.271029 -1.23279
0.258701 -1.23554
0.246346 -1.23816
0.233964 -1.24066
0.221557 -1.24302
0.209127 -1.24526
0.196675 -1.24737
0.184201 -1.24935
0.171707 -1.2512
0.159195 -1.25293
0.146666 -1.25453
0.134121 -1.256
0.121561 -1.25735
0.108987 -1.25857
0.0964014 -1.25966
0.0838048 -1.26063
0.0711985 -1.26147
0.0585839 -1.26218
0.0459621 -1.26277
0.0333344 -1.26323
0.0207022 -1.26356
0.00806656 -1.26377
-0.0045711 -1.26385
-0.0172096 -1.2638
-0.0298476 -1.26363
-0.0424839 -1.26333
-0.0551172 -1.26291
-0.0677462 -1.26235
-0.0803698 -1.26168
-0.0929866 -1.26087
-0.105595 -1.25994
-0.118195 -1.25888
-0.130783 -1.2577
-0.14336 -1.25638
-0.155924 -1.25494
-0.168474 -1.25338
-0.181008 -1.25168
-0.193524 -1.24986
-0.206023 -1.24791
-0.218502 -1.24583
-0.23096 -1.24363
-0.243397 -1.24129
-0.25581 -1.23883
-0.268198 -1.23624
-0.28056 -1.23352
-0.292896 -1.23067
-0.305202 -1.22769
-0.317479 -1.22458
-0.329725 -1.22134
-0.341938 -1.21797
-0.354118 -1.21447
-0.366263 -1.21084
-0.378371 -1.20708
-0.390442 -1.20319
-0.402474 -1.19917
-0.414466 -1.19501
-0.426416 -1.19073
-0.438323 -1.18631
-0.450186 -1.18175
-0.462004 -1.17707
-0.473774 -1.17225
-0.485497 -1.1673
-0.49717 -1.16222
-0.508792 -1.157
-0.520362 -1.15165
-0.531879 -1.14616
-0.54334 -1.14054
-0.554746 -1.13479
-0.566094 -1.1289
-0.577383 -1.12288
-0.588611 -1.11672
-0.599779 -1.11043
-0.610883 -1.104
-0.621923 -1.09743
-0.632897 -1.09073
-0.643804 -1.08389
-0.654643 -1.07692
-0.665413 -1.06982
-0.676111 -1.06257
-0.686736 -1.05519
-0.697288 -1.04768
-0.707765 -1.04003
-0.718165 -1.03224
-0.728488 -1.02432
-0.738731 -1.01626
-0.748894 -1.00807
-0.758974 -0.999737
-0.768972 -0.991273
-0.778884 -0.982674
-0.788711 -0.97394
-0.798451 -0.965071
-0.808101 -0.956069
-0.817662 -0.946932
-0.827131 -0.937662
-0.836508 -0.928259
-0.84579 -0.918724
-0.854978 -0.909056
-0.864068 -0.899256
-0.873061 -0.889325
-0.881954 -0.879263
-0.890747 -0.869072
-0.899437 -0.858751
-0.908025 -0.848301
-0.916508 -0.837724
-0.924885 -0.827019
-0.933155 -0.816188
-0.941317 -0.805231
-0.94937 -0.79415
-0.957311 -0.782945
-0.96514 -0.771617
-0.972857 -0.760167
-0.980458 -0.748597
-0.987944 -0.736908
-0.995313 -0.7251
-1.00256 -0.713175
-1.0097 -0.701133
-1.01671 -0.688978
-1.0236 -0.676709
-1.03036 -0.664328
-1.03701 -0.651836
-1.04353 -0.639236
-1.04992 -0.626528
-1.05618 -0.613714
-1.06232 -0.600796
-1.06833 -0.587775
-1.07421 -0.574653
-1.07995 -0.561432
-1.08557 -0.548113
-1.09105 -0.534699
-1.0964 -0.521191
-1.10161 -0.507591
-1.10668 -0.493901
-1.11162 -0.480124
-1.11642 -0.46626
-1.12109 -0.452313
-1.12561 -0.438284
-1.12999 -0.424176
-1.13423 -0.40999
-1.13833 -0.395729
-1.14229 -0.381396
-1.1461 -0.366992
-1.14977 -0.35252
-1.1533 -0.337982
-1.15668 -0.323381
-1.15991 -0.308719
-1.163 -0.293999
-1.16594 -0.279223
-1.16873 -0.264394
-1.17138 -0.249514
-1.17387 -0.234585
-1.17622 -0.219611
-1.17841 -0.204595
-1.18046 -0.189538
-1.18236 -0.174443
-1.1841 -0.159314
-1.18569 -0.144152
-1.18713 -0.128962
-1.18842 -0.113744
-1.18956 -0.098503
-1.19055 -0.0832408
-1.19138 -0.0679603
-1.19206 -0.0526645
-1.19259 -0.0373561
-1.19296 -0.0220379
-1.19318 -0.00671276
-1.19325 0.00861643
-1.19316 0.0239469
-1.19292 0.0392757
-1.19253 0.0546001
-1.19198 0.0699172
-1.19128 0.0852243
-1.19043 0.100518
-1.18943 0.115797
-1.18827 0.131056
-1.18696 0.146295
-1.18549 0.161509
-1.18388 0.176696
-1.18211 0.191853
-1.18019 0.206978
-1.17812 0.222068
-1.1759 0.237119
-1.17353 0.25213
-1.17101 0.267098
-1.16834 0.28202
-1.16552 0.296893
-1.16255 0.311714
-1.15943 0.326482
-1.15617 0.341194
-1.15276 0.355846
-1.1492 0.370438
-1.14549 0.384965
-1.14164 0.399426
-1.13765 0.413818
-1.13351 0.42814
-1.12923 0.442388
-1.12481 0.45656
-1.12024 0.470654
-1.11553 0.484668
-1.11069 0.4986
-1.1057 0.512447
-1.10058 0.526208
-1.09531 0.53988
-1.08992 0.553461
-1.08438 0.56695
-1.07871 0.580344
-1.07291 0.593641
-1.06697 0.60684
-1.0609 0.619939
-1.0547 0.632937
-1.04837 0.64583
-1.04192 0.658618
-1.03533 0.6713
-1.02862 0.683873
-1.02178 0.696335
-1.01482 0.708687
-1.00773 0.720925
-1.00052 0.733049
-0.993189 0.745057
-0.985738 0.756949
-0.978169 0.768722
-0.970481 0.780375
-0.962678 0.791908
-0.954759 0.803319
-0.946725 0.814608
-0.938579 0.825772
-0.930322 0.836811
-0.921954 0.847725
-0.913476 0.858512
-0.904891 0.869171
-0.896199 0.879702
-0.887402 0.890103
-0.878501 0.900375
-0.869498 0.910516
-0.860392 0.920526
-0.851187 0.930404
-0.841883 0.940149
-0.832482 0.949761
-0.822984 0.95924
-0.813392 0.968584
-0.803706 0.977795
-0.793928 0.98687
-0.784059 0.99581
-0.774101 1.00461
-0.764055 1.01328
-0.753922 1.02182
-0.743704 1.03021
-0.733402 1.03847
-0.723017 1.0466
-0.712551 1.05458
-0.702005 1.06243
-0.691381 1.07014
-0.68068 1.07772
-0.669902 1.08515
-0.659051 1.09245
-0.648126 1.09962
-0.63713 1.10664
-0.626064 1.11353
-0.614928 1.12028
-0.603726 1.1269
-0.592457 1.13338
-0.581123 1.13972
-0.569726 1.14592
-0.558267 1.15199
-0.546747 1.15792
-0.535167 1.16371
-0.52353 1.16937
-0.511837 1.17489
-0.500088 1.18028
-0.488285 1.18553
-0.47643 1.19065
-0.464523 1.19563
-0.452567 1.20047
-0.440562 1.20518
-0.42851 1.20976
-0.416413 1.2142
-0.404271 1.21851
-0.392086 1.22269
-0.379859 1.22673
-0.367592 1.23063
-0.355285 1.23441
-0.342941 1.23805
-0.330561 1.24156
-0.318145 1.24494
-0.305696 1.24819
-0.293214 1.2513
-0.280701 1.25428
-0.268158 1.25713
-0.255587 1.25985
-0.242988 1.26244
-0.230364 1.2649
-0.217715 1.26723
-0.205042 1.26943
-0.192348 1.2715
-0.179633 1.27343
-0.166899 1.27524
-0.154146 1.27692
-0.141377 1.27847
-0.128592 1.27989
-0.115793 1.28118
-0.102982 1.28234
-0.0901583 1.28337
-0.0773246 1.28427
-0.0644818 1.28505
-0.0516313 1.28569
-0.0387744 1.28621
-0.0259123 1.2866
-0.0130463 1.28686
-0.000177751 1.28699
0.0126921 1.28699
0.025562 1.28686
0.0384306 1.28661
0.0512967 1.28622
0.0641589 1.28571
0.077016 1.28507
0.0898667 1.2843
0.10271 1.2834
0.115544 1.28237
0.128367 1.28121
0.141179 1.27992
0.153979 1.2785
0.166764 1.27696
0.179533 1.27528
0.192286 1.27347
0.205021 1.27153
0.217736 1.26947
0.230431 1.26727
0.243103 1.26494
0.255753 1.26248
0.268378 1.25989
0.280977 1.25717
0.293548 1.25431
0.306091 1.25133
0.318605 1.24821
0.331087 1.24496
0.343536 1.24157
0.355952 1.23806
0.368333 1.23441
0.380677 1.23063
0.392983 1.22671
0.40525 1.22266
0.417477 1.21847
0.429661 1.21415
0.441803 1.2097
0.4539 1.20511
0.465951 1.20038
0.477955 1.19552
0.48991 1.19052
0.501815 1.18539
0.513669 1.18011
0.52547 1.17471
0.537217 1.16916
0.548909 1.16348
0.560543 1.15766
0.57212 1.1517
0.583637 1.14561
0.595093 1.13937
0.606487 1.133
0.617817 1.12649
0.629082 1.11984
0.64028 1.11305
0.651411 1.10612
0.662472 1.09906
0.673462 1.09185
0.684381 1.0845
0.695226 1.07702
0.705996 1.06939
0.71669 1.06163
0.727306 1.05373
0.737844 1.04569
0.748301 1.0375
0.758676 1.02918
0.768967 1.02072
0.779175 1.01212
0.789296 1.00339
0.79933 0.994509
0.809275 0.985494
0.81913 0.976342
0.828893 0.967051
0.838564 0.957623
0.84814 0.948058
0.857621 0.938356
0.867004 0.928519
0.876289 0.918545
0.885475 0.908437
0.894559 0.898193
0.903541 0.887816
0.912419 0.877305
0.921192 0.866662
0.929859 0.855887
0.938418 0.84498
0.946868 0.833943
0.955207 0.822776
0.963435 0.811481
0.97155 0.800058
0.97955 0.788509
0.987435 0.776833
0.995204 0.765034
1.00285 0.75311
1.01038 0.741064
1.0178 0.728898
1.02508 0.716611
1.03225 0.704206
1.03929 0.691684
1.04621 0.679045
1.053 0.666293
1.05966 0.653428
1.0662 0.640452
1.0726 0.627366
1.07888 0.614172
1.08502 0.600871
1.09103 0.587466
1.0969 0.573959
1.10264 0.56035
1.10824 0.546643
1.11371 0.532838
1.11904 0.518938
1.12423 0.504945
1.12928 0.490861
1.13419 0.476688
1.13895 0.462428
1.14358 0.448083
1.14806 0.433657
1.15239 0.41915
1.15659 0.404565
1.16063 0.389905
1.16453 0.375172
1.16828 0.360368
1.17189 0.345496
1.17534 0.330558
1.17865 0.315558
1.1818 0.300496
1.18481 0.285377
1.18766 0.270203
1.19036 0.254976
1.19291 0.239699
1.19531 0.224374
1.19755 0.209006
1.19964 0.193595
1.20158 0.178146
1.20336 0.16266
1.20499 0.147142
1.20646 0.131592
1.20777 0.116016
1.20893 0.100414
1.20994 0.0847913
1.21079 0.0691493
1.21148 0.0534914
1.21201 0.0378205
1.21239 0.0221395
1.21261 0.00645141
1.21268 -0.00924085
1.21259 -0.0249343
1.21234 -0.040626
1.21193 -0.0563131
1.21137 -0.0719925
1.21065 -0.0876613
1.20977 -0.103317
1.20874 -0.118955
1.20755 -0.134575
1.2062 -0.150172
1.2047 -0.165744
1.20304 -0.181287
1.20123 -0.1968
1.19926 -0.212279
1.19714 -0.227721
1.19486 -0.243124
1.19243 -0.258485
1.18985 -0.2738
1.18711 -0.289067
1.18422 -0.304284
1.18117 -0.319448
1.17798 -0.334555
1.17463 -0.349604
1.17114 -0.364592
1.16749 -0.379516
1.1637 -0.394374
1.15975 -0.409162
1.15566 -0.42388
1.15142 -0.438523
1.14704 -0.45309
1.14251 -0.467579
1.13783 -0.481987
1.13301 -0.496311
1.12805 -0.51055
1.12294 -0.524702
1.11769 -0.538763
1.11231 -0.552733
1.10678 -0.566608
1.10111 -0.580387
1.09531 -0.594069
1.08937 -0.60765
1.08329 -0.621129
1.07708 -0.634505
1.07074 -0.647775
1.06426 -0.660937
1.05765 -0.67399
1.05091 -0.686933
1.04404 -0.699764
1.03704 -0.71248
1.02992 -0.725081
1.02267 -0.737565
1.01529 -0.749931
1.00779 -0.762177
1.00017 -0.774302
0.992427 -0.786305
0.984564 -0.798184
0.976582 -0.809938
0.968483 -0.821567
0.960267 -0.833069
0.951937 -0.844442
0.943492 -0.855687
0.934935 -0.866801
0.926267 -0.877785
0.917489 -0.888637
0.908603 -0.899357
0.899609 -0.909943
0.89051 -0.920395
0.881306 -0.930713
0.871999 -0.940895
0.86259 -0.950941
0.853081 -0.960851
0.843472 -0.970623
0.833766 -0.980258
0.823963 -0.989755
0.814066 -0.999113
0.804075 -1.00833
0.793991 -1.01741
0.783817 -1.02635
0.773554 -1.03516
0.763202 -1.04382
0.752764 -1.05234
0.74224 -1.06072
0.731633 -1.06896
0.720944 -1.07706
0.710173 -1.08502
0.699323 -1.09284
0.688395 -1.10051
0.677389 -1.10805
0.666309 -1.11544
0.655155 -1.1227
0.643928 -1.12981
0.632629 -1.13679
0.621262 -1.14362
0.609825 -1.15031
0.598322 -1.15686
0.586754 -1.16327
0.575121 -1.16955
0.563425 -1.17568
0.551669 -1.18167
0.539852 -1.18752
0.527977 -1.19324
0.516044 -1.19881
0.504056 -1.20425
0.492014 -1.20954
0.479918 -1.2147
0.467771 -1.21972
0.455574 -1.2246
0.443328 -1.22935
0.431035 -1.23396
0.418695 -1.23843
0.406311 -1.24276
0.393883 -1.24696
0.381414 -1.25102
0.368903 -1.25494
0.356354 -1.25873
0.343767 -1.26239
0.331143 -1.26591
0.318484 -1.26929
0.305791 -1.27254
0.293065 -1.27565
0.280309 -1.27864
0.267523 -1.28148
0.254708 -1.2842
0.241866 -1.28678
0.228998 -1.28922
0.216106 -1.29154
0.20319 -1.29372
0.190253 -1.29577
0.177296 -1.29768
0.164319 -1.29947
0.151324 -1.30112
0.138313 -1.30264
0.125287 -1.30403
0.112246 -1.30528
0.0991934 -1.30641
0.0861293 -1.3074
0.0730553 -1.30827
0.0599726 -1.309
0.0468826 -1.3096
0.0337866 -1.31007
0.020686 -1.3104
0.00758193 -1.31061
-0.00552419 -1.31069
-0.0186311 -1.31063
-0.0317374 -1.31045
-0.0448418 -1.31013
-0.0579431 -1.30968
-0.0710399 -1.3091
-0.0841309 -1.30839
-0.0972148 -1.30755
-0.11029 -1.30657
-0.123356 -1.30547
-0.136411 -1.30423
-0.149453 -1.30286
-0.162482 -1.30136
-0.175495 -1.29973
-0.188492 -1.29796
-0.201472 -1.29606
-0.214433 -1.29403
-0.227373 -1.29187
-0.240292 -1.28957
-0.253187 -1.28714
-0.266059 -1.28457
-0.278904 -1.28188
-0.291723 -1.27904
-0.304514 -1.27608
-0.317274 -1.27298
-0.330004 -1.26974
-0.342702 -1.26637
-0.355365 -1.26286
-0.367994 -1.25922
-0.380586 -1.25544
-0.39314 -1.25152
-0.405656 -1.24747
-0.41813 -1.24328
-0.430563 -1.23895
-0.442952 -1.23448
-0.455297 -1.22988
-0.467596 -1.22514
-0.479847 -1.22026
-0.49205 -1.21524
-0.504202 -1.21008
-0.516303 -1.20478
-0.528351 -1.19934
-0.540345 -1.19377
-0.552282 -1.18805
-0.564163 -1.18219
-0.575985 -1.17619
-0.587746 -1.17004
-0.599447 -1.16376
-0.611084 -1.15734
-0.622658 -1.15077
-0.634165 -1.14406
-0.645606 -1.13721
-0.656978 -1.13021
-0.66828 -1.12308
-0.679511 -1.1158
-0.690669 -1.10837
-0.701753 -1.10081
-0.712761 -1.0931
-0.723692 -1.08525
-0.734544 -1.07725
-0.745317 -1.06911
-0.756008 -1.06083
-0.766616 -1.05241
-0.77714 -1.04384
-0.787579 -1.03513
-0.79793 -1.02628
-0.808193 -1.01728
-0.818366 -1.00815
-0.828447 -0.998865
-0.838436 -0.989444
-0.84833 -0.979881
-0.858129 -0.970176
-0.867831 -0.960331
-0.877434 -0.950346
-0.886937 -0.94022
-0.89634 -0.929956
-0.905639 -0.919552
-0.914835 -0.90901
-0.923925 -0.89833
-0.932908 -0.887514
-0.941783 -0.876561
-0.950549 -0.865472
-0.959204 -0.854249
-0.967746 -0.842892
-0.976175 -0.831402
-0.984489 -0.81978
-0.992687 -0.808026
-1.00077 -0.796143
-1.00873 -0.784131
-1.01657 -0.771991
-1.02429 -0.759724
-1.03189 -0.747332
-1.03936 -0.734815
-1.04671 -0.722176
-1.05393 -0.709415
-1.06102 -0.696535
-1.06799 -0.683536
-1.07483 -0.670419
-1.08153 -0.657188
-1.0881 -0.643842
-1.09454 -0.630385
-1.10084 -0.616817
-1.10701 -0.60314
-1.11304 -0.589357
-1.11894 -0.575469
-1.12469 -0.561477
-1.13031 -0.547385
-1.13578 -0.533194
-1.14111 -0.518906
-1.1463 -0.504523
-1.15135 -0.490048
-1.15625 -0.475482
-1.161 -0.460828
-1.16561 -0.446088
-1.17007 -0.431264
-1.17438 -0.41636
-1.17855 -0.401377
-1.18256 -0.386317
-1.18642 -0.371184
-1.19014 -0.35598
-1.1937 -0.340707
-1.1971 -0.325368
-1.20036 -0.309966
-1.20346 -0.294504
-1.2064 -0.278983
-1.20919 -0.263407
-1.21182 -0.24778
-1.2143 -0.232102
-1.21662 -0.216378
-1.21879 -0.20061
-1.22079 -0.184801
-1.22264 -0.168955
-1.22433 -0.153073
-1.22586 -0.137159
-1.22723 -0.121216
-1.22845 -0.105247
-1.2295 -0.0892551
-1.23039 -0.0732429
-1.23112 -0.0572137
-1.2317 -0.0411706
-1.23211 -0.0251165
-1.23236 -0.00905453
-1.23245 0.00701223
-1.23238 0.0230807
-1.23215 0.0391479
-1.23176 0.0552106
-1.2312 0.0712659
-1.23049 0.0873106
-1.22962 0.103342
-1.22858 0.119356
-1.22739 0.135351
-1.22604 0.151323
-1.22452 0.167269
-1.22285 0.183187
-1.22102 0.199072
-1.21903 0.214923
-1.21688 0.230737
-1.21457 0.246509
-1.21211 0.262239
-1.20949 0.277921
-1.20671 0.293555
-1.20377 0.309136
-1.20068 0.324663
-1.19743 0.340131
-1.19403 0.355539
-1.19048 0.370884
-1.18677 0.386163
-1.18291 0.401374
-1.17889 0.416514
-1.17473 0.431579
-1.17041 0.446569
-1.16594 0.461479
-1.16133 0.476309
-1.15657 0.491055
-1.15166 0.505715
-1.1466 0.520286
-1.1414 0.534767
-1.13605 0.549155
-1.13056 0.563448
-1.12492 0.577643
-1.11915 0.59174
-1.11323 0.605735
-1.10717 0.619626
-1.10098 0.633412
-1.09464 0.647091
-1.08817 0.660661
-1.08156 0.674119
-1.07482 0.687465
-1.06795 0.700697
-1.06094 0.713813
-1.0538 0.72681
-1.04653 0.739689
-1.03914 0.752447
-1.03161 0.765082
-1.02396 0.777594
-1.01619 0.789981
-1.00829 0.802241
-1.00026 0.814374
-0.992121 0.826379
-0.983857 0.838253
-0.975474 0.849996
-0.966974 0.861607
-0.958358 0.873085
-0.949627 0.884429
-0.940783 0.895638
-0.931827 0.906712
-0.92276 0.917648
-0.913583 0.928447
-0.904299 0.939108
-0.894907 0.94963
-0.885411 0.960012
-0.875811 0.970255
-0.866109 0.980356
-0.856305 0.990317
-0.846402 1.00014
-0.8364 1.00981
-0.826302 1.01935
-0.816109 1.02874
-0.805821 1.03799
-0.795442 1.04709
-0.784971 1.05605
-0.77441 1.06487
-0.763761 1.07354
-0.753026 1.08207
-0.742205 1.09045
-0.731301 1.09869
-0.720314 1.10679
-0.709246 1.11474
-0.698099 1.12255
-0.686873 1.13021
-0.675571 1.13772
-0.664194 1.1451
-0.652743 1.15233
-0.64122 1.15941
-0.629625 1.16635
-0.617962 1.17314
-0.606231 1.1798
-0.594433 1.1863
-0.58257 1.19267
-0.570643 1.19889
-0.558654 1.20497
-0.546604 1.2109
-0.534495 1.21669
-0.522328 1.22235
-0.510105 1.22785
-0.497826 1.23322
-0.485494 1.23844
-0.47311 1.24353
-0.460674 1.24847
-0.44819 1.25327
-0.435657 1.25794
-0.423078 1.26246
-0.410453 1.26684
-0.397785 1.27108
-0.385074 1.27519
-0.372322 1.27915
-0.35953 1.28298
-0.346701 1.28667
-0.333834 1.29022
-0.320932 1.29363
-0.307995 1.2969
-0.295026 1.30004
-0.282026 1.30304
-0.268996 1.30591
-0.255936 1.30864
-0.24285 1.31123
-0.229738 1.31369
-0.216601 1.31601
-0.203441 1.3182
-0.190259 1.32025
-0.177056 1.32216
-0.163835 1.32395
-0.150595 1.32559
-0.137339 1.32711
-0.124068 1.32848
-0.110783 1.32973
-0.0974861 1.33084
-0.0841777 1.33182
-0.0708595 1.33266
-0.0575329 1.33337
-0.0441993 1.33394
-0.0308598 1.33439
-0.0175159 1.3347
-0.00416899 1.33487
0.00917971 1.33491
0.0225288 1.33482
0.035877 1.33459
0.049223 1.33424
0.0625653 1.33374
0.0759028 1.33312
0.0892339 1.33236
0.102558 1.33146
0.115872 1.33044
0.129177 1.32927
0.142469 1.32798
0.155749 1.32655
0.169015 1.32498
0.182264 1.32328
0.195497 1.32145
0.208712 1.31948
0.221906 1.31737
0.23508 1.31513
0.248231 1.31276
0.261359 1.31024
0.274461 1.30759
0.287537 1.30481
0.300585 1.30188
0.313604 1.29882
0.326593 1.29563
0.339549 1.29229
0.352472 1.28882
0.36536 1.2852
0.378212 1.28145
0.391026 1.27756
0.403802 1.27353
0.416537 1.26936
0.429231 1.26505
0.441882 1.2606
0.454488 1.25601
0.467048 1.25128
0.479561 1.2464
0.492025 1.24139
0.504438 1.23623
0.516801 1.23093
0.52911 1.22548
0.541365 1.2199
0.553564 1.21417
0.565706 1.20829
0.577788 1.20227
0.589811 1.19611
0.601772 1.1898
0.61367 1.18335
0.625504 1.17675
0.637271 1.17
0.648971 1.16311
0.660602 1.15608
0.672163 1.14889
0.683652 1.14157
0.695068 1.13409
0.706409 1.12647
0.717673 1.1187
0.72886 1.11078
0.739968 1.10272
0.750995 1.09451
0.76194 1.08615
0.772802 1.07765
0.783578 1.069
0.794268 1.0602
0.80487 1.05125
0.815383 1.04216
0.825805 1.03292
0.836134 1.02354
0.846369 1.01401
0.856509 1.00433
0.866553 0.994512
0.876498 0.984545
0.886343 0.974433
0.896088 0.964177
0.905729 0.953777
0.915267 0.943234
0.924699 0.932548
0.934025 0.921719
0.943242 0.910749
0.95235 0.899638
0.961346 0.888387
0.97023 0.876997
0.979 0.865468
0.987654 0.853802
0.996192 0.841998
1.00461 0.830059
1.01291 0.817985
1.02109 0.805777
1.02915 0.793437
1.03709 0.780966
1.04489 0.768364
1.05258 0.755633
1.06013 0.742775
1.06756 0.729791
1.07486 0.716682
1.08203 0.70345
1.08906 0.690096
1.09596 0.676622
1.10273 0.663029
1.10936 0.64932
1.11585 0.635496
1.12221 0.621559
1.12842 0.60751
1.1345 0.593352
1.14043 0.579087
1.14622 0.564716
1.15187 0.550242
1.15737 0.535667
1.16273 0.520992
1.16794 0.506221
1.173 0.491356
1.17791 0.476398
1.18268 0.46135
1.18729 0.446215
1.19175 0.430994
1.19606 0.415692
1.20022 0.400309
1.20422 0.384849
1.20807 0.369314
1.21177 0.353707
1.2153 0.338031
1.21868 0.322288
1.22191 0.306481
1.22497 0.290613
1.22788 0.274687
1.23062 0.258706
1.23321 0.242672
1.23564 0.226589
1.2379 0.21046
1.24001 0.194287
1.24195 0.178073
1.24373 0.161822
1.24535 0.145537
1.24681 0.129221
1.2481 0.112877
1.24923 0.0965072
1.25019 0.0801159
1.25099 0.063706
1.25163 0.0472805
1.2521 0.0308427
1.25241 0.0143957
1.25255 -0.00205734
1.25253 -0.0185131
1.25235 -0.0349685
1.252 -0.0514203
1.25148 -0.0678653
1.25081 -0.0843004
1.24996 -0.100722
1.24896 -0.117128
1.24778 -0.133514
1.24645 -0.149877
1.24495 -0.166215
1.24329 -0.182523
1.24146 -0.1988
1.23948 -0.215041
1.23733 -0.231244
1.23501 -0.247406
1.23254 -0.263524
1.2299 -0.279594
1.22711 -0.295614
1.22415 -0.311581
1.22104 -0.327491
1.21776 -0.343342
1.21433 -0.359132
1.21074 -0.374856
1.20699 -0.390513
1.20308 -0.4061
1.19902 -0.421613
1.1948 -0.437051
1.19043 -0.45241
1.18591 -0.467689
1.18123 -0.482884
1.1764 -0.497992
1.17142 -0.513012
1.16629 -0.527942
1.16102 -0.542777
1.15559 -0.557518
1.15001 -0.57216
1.14429 -0.586702
1.13842 -0.601141
1.13241 -0.615476
1.12626 -0.629705
1.11996 -0.643825
1.11352 -0.657834
1.10694 -0.67173
1.10023 -0.685512
1.09337 -0.699178
1.08638 -0.712726
1.07925 -0.726154
1.07199 -0.739461
1.0646 -0.752645
1.05707 -0.765704
1.04941 -0.778637
1.04163 -0.791442
1.03371 -0.804119
1.02567 -0.816665
1.0175 -0.82908
1.00921 -0.841362
1.0008 -0.85351
0.992264 -0.865523
0.983609 -0.877399
0.974835 -0.889139
0.965944 -0.90074
0.956936 -0.912202
0.947814 -0.923524
0.938579 -0.934705
0.929232 -0.945744
0.919775 -0.956641
0.910208 -0.967395
0.900534 -0.978005
0.890754 -0.988471
0.88087 -0.998793
0.870882 -1.00897
0.860792 -1.019
0.850602 -1.02888
0.840313 -1.03862
0.829927 -1.04821
0.819445 -1.05765
0.808868 -1.06695
0.798199 -1.07609
0.787438 -1.08509
0.776587 -1.09394
0.765648 -1.10265
0.754621 -1.1112
0.743509 -1.11961
0.732313 -1.12786
0.721035 -1.13597
0.709675 -1.14393
0.698236 -1.15174
0.686718 -1.15941
0.675124 -1.16692
0.663455 -1.17429
0.651712 -1.18151
0.639897 -1.18858
0.628011 -1.1955
0.616056 -1.20228
0.604033 -1.2089
0.591944 -1.21538
0.579791 -1.22172
0.567573 -1.22791
0.555294 -1.23395
0.542955 -1.23984
0.530556 -1.24559
0.5181 -1.2512
0.505588 -1.25666
0.493022 -1.26197
0.480402 -1.26714
0.467731 -1.27217
0.455009 -1.27705
0.442239 -1.28179
0.429421 -1.28638
0.416557 -1.29083
0.403649 -1.29514
0.390697 -1.29931
0.377704 -1.30334
0.364671 -1.30722
0.351598 -1.31097
0.338489 -1.31457
0.325343 -1.31803
0.312163 -1.32136
0.298949 -1.32454
0.285704 -1.32758
0.272428 -1.33048
0.259123 -1.33325
0.245791 -1.33588
0.232432 -1.33836
0.219048 -1.34071
0.205641 -1.34292
0.192212 -1.345
0.178762 -1.34693
0.165293 -1.34873
0.151805 -1.35039
0.138301 -1.35192
0.124782 -1.35331
0.111249 -1.35456
0.0977034 -1.35568
0.0841466 -1.35665
0.0705801 -1.3575
0.0570051 -1.3582
0.0434231 -1.35877
0.0298354 -1.35921
0.0162433 -1.35951
0.00264823 -1.35967
-0.0109485 -1.3597
-0.0245454 -1.35959
-0.0381413 -1.35934
-0.0517347 -1.35896
-0.0653243 -1.35844
-0.0789087 -1.35779
-0.0924866 -1.357
-0.106057 -1.35607
-0.119617 -1.35501
-0.133167 -1.35381
-0.146705 -1.35247
-0.16023 -1.351
-0.17374 -1.34939
-0.187234 -1.34764
-0.20071 -1.34575
-0.214168 -1.34373
-0.227605 -1.34157
-0.241021 -1.33927
-0.254414 -1.33683
-0.267782 -1.33426
-0.281125 -1.33154
-0.29444 -1.32868
-0.307727 -1.32569
-0.320984 -1.32255
-0.334209 -1.31928
-0.347402 -1.31586
-0.360561 -1.3123
-0.373684 -1.3086
-0.38677 -1.30476
-0.399817 -1.30078
-0.412825 -1.29665
-0.425791 -1.29238
-0.438715 -1.28797
-0.451595 -1.28341
-0.464429 -1.27871
-0.477216 -1.27387
-0.489955 -1.26888
-0.502644 -1.26375
-0.515281 -1.25846
-0.527866 -1.25304
-0.540396 -1.24747
-0.552871 -1.24175
-0.565288 -1.23588
-0.577647 -1.22987
-0.589946 -1.2237
-0.602183 -1.21739
-0.614357 -1.21093
-0.626466 -1.20433
-0.638509 -1.19757
-0.650485 -1.19067
-0.662392 -1.18361
-0.674228 -1.1764
-0.685992 -1.16905
-0.697682 -1.16154
-0.709298 -1.15389
-0.720837 -1.14608
-0.732298 -1.13812
-0.743679 -1.13002
-0.754979 -1.12176
-0.766196 -1.11335
-0.77733 -1.10478
-0.788378 -1.09607
-0.799338 -1.08721
-0.810211 -1.07819
-0.820992 -1.06903
-0.831683 -1.05971
-0.84228 -1.05024
-0.852782 -1.04062
-0.863189 -1.03086
-0.873497 -1.02094
-0.883706 -1.01087
-0.893815 -1.00065
-0.903822 -0.990287
-0.913725 -0.979772
-0.923522 -0.969109
-0.933213 -0.958298
-0.942796 -0.947341
-0.95227 -0.936237
-0.961632 -0.924987
-0.970882 -0.913592
-0.980018 -0.902053
-0.989038 -0.89037
-0.997942 -0.878545
-1.00673 -0.866578
-1.01539 -0.85447
-1.02394 -0.842222
-1.03236 -0.829836
-1.04066 -0.817312
-1.04883 -0.804651
-1.05688 -0.791855
-1.0648 -0.778926
-1.07259 -0.765863
-1.08024 -0.752669
-1.08777 -0.739346
-1.09516 -0.725894
-1.10242 -0.712315
-1.10955 -0.698611
-1.11653 -0.684784
-1.12338 -0.670835
-1.13009 -0.656765
-1.13666 -0.642578
-1.14308 -0.628274
-1.14937 -0.613856
-1.1555 -0.599326
-1.1615 -0.584685
-1.16734 -0.569936
-1.17304 -0.555082
-1.17859 -0.540123
-1.184 -0.525063
-1.18925 -0.509903
-1.19435 -0.494647
-1.19929 -0.479296
-1.20408 -0.463853
-1.20872 -0.448321
-1.21321 -0.432702
-1.21753 -0.416998
-1.2217 -0.401213
-1.22572 -0.385349
-1.22957 -0.369409
-1.23326 -0.353396
-1.2368 -0.337312
-1.24017 -0.32116
-1.24338 -0.304943
-1.24643 -0.288665
-1.24932 -0.272328
-1.25204 -0.255935
-1.2546 -0.239489
-1.257 -0.222993
-1.25923 -0.206451
-1.26129 -0.189866
-1.26319 -0.17324
-1.26492 -0.156576
-1.26649 -0.139879
-1.26789 -0.123152
-1.26912 -0.106397
-1.27018 -0.0896171
-1.27108 -0.0728168
-1.27181 -0.0559989
-1.27237 -0.0391665
-1.27276 -0.0223232
-1.27298 -0.00547211
-1.27303 0.0113834
-1.27292 0.0282399
-1.27264 0.0450942
-1.27219 0.061943
-1.27157 0.0787828
-1.27078 0.0956105
-1.26982 0.112423
-1.2687 0.129216
-1.26741 0.145987
-1.26595 0.162733
-1.26432 0.17945
-1.26253 0.196135
-1.26056 0.212785
-1.25844 0.229397
-1.25614 0.245967
-1.25368 0.262493
-1.25106 0.278971
-1.24827 0.295398
-1.24531 0.31177
-1.2422 0.328086
-1.23892 0.344341
-1.23547 0.360534
-1.23187 0.37666
-1.2281 0.392718
-1.22417 0.408703
-1.22009 0.424614
-1.21584 0.440447
-1.21144 0.4562
-1.20687 0.47187
-1.20216 0.487455
-1.19728 0.502951
-1.19225 0.518357
-1.18707 0.533669
-1.18173 0.548885
-1.17624 0.564003
-1.1706 0.57902
-1.16481 0.593934
-1.15887 0.608743
-1.15279 0.623444
-1.14655 0.638036
-1.14017 0.652516
-1.13365 0.666882
-1.12698 0.681132
-1.12017 0.695265
-1.11321 0.709278
-1.10612 0.723169
-1.09889 0.736937
-1.09152 0.750579
-1.08401 0.764096
-1.07637 0.777483
-1.0686 0.790741
-1.06069 0.803868
-1.05265 0.816861
-1.04448 0.82972
-1.03619 0.842444
-1.02776 0.855031
-1.01921 0.86748
-1.01054 0.87979
-1.00174 0.891959
-0.992818 0.903987
-0.983778 0.915872
-0.974619 0.927614
-0.965343 0.939212
-0.955951 0.950664
-0.946445 0.961971
-0.936825 0.973131
-0.927094 0.984144
-0.917252 0.995008
-0.907302 1.00572
-0.897245 1.01629
-0.887082 1.02671
-0.876815 1.03698
-0.866445 1.04709
-0.855974 1.05706
-0.845404 1.06687
-0.834735 1.07653
-0.82397 1.08604
-0.813109 1.0954
-0.802155 1.10461
-0.791109 1.11366
-0.779972 1.12256
-0.768747 1.13131
-0.757434 1.13991
-0.746034 1.14835
-0.734551 1.15664
-0.722985 1.16478
-0.711337 1.17277
-0.699609 1.1806
-0.687803 1.18828
-0.67592 1.19581
-0.663962 1.20319
-0.65193 1.21041
-0.639826 1.21749
-0.627651 1.22441
-0.615407 1.23118
-0.603095 1.2378
-0.590717 1.24427
-0.578275 1.25059
-0.565769 1.25676
-0.553201 1.26278
-0.540574 1.26865
-0.527887 1.27437
-0.515143 1.27994
-0.502344 1.28537
-0.48949 1.29064
-0.476584 1.29577
-0.463626 1.30076
-0.450619 1.30559
-0.437563 1.31028
-0.42446 1.31482
-0.411312 1.31922
-0.398119 1.32347
-0.384885 1.32758
-0.371609 1.33154
-0.358293 1.33536
-0.34494 1.33904
-0.331549 1.34257
-0.318124 1.34596
-0.304664 1.3492
-0.291172 1.35231
-0.277649 1.35527
-0.264096 1.35809
-0.250515 1.36076
-0.236908 1.3633
-0.223275 1.3657
-0.209618 1.36795
-0.195938 1.37007
-0.182238 1.37204
-0.168517 1.37388
-0.154779 1.37557
-0.141023 1.37713
-0.127252 1.37854
-0.113466 1.37982
-0.099668 1.38096
-0.0858584 1.38195
-0.0720389 1.38281
-0.0582107 1.38353
-0.0443754 1.38412
-0.0305342 1.38456
-0.0166886 1.38487
-0.00283993 1.38503
0.0110104 1.38506
0.024861 1.38495
0.0387106 1.3847
0.0525576 1.38432
0.0664007 1.38379
0.0802386 1.38313
0.0940699 1.38232
0.107893 1.38138
0.121707 1.3803
0.13551 1.37908
0.149301 1.37772
0.163078 1.37622
0.17684 1.37458
0.190586 1.3728
0.204314 1.37088
0.218023 1.36882
0.231711 1.36662
0.245377 1.36428
0.25902 1.36179
0.272638 1.35917
0.286229 1.3564
0.299793 1.35349
0.313328 1.35044
0.326833 1.34725
0.340305 1.34391
0.353744 1.34043
0.367148 1.3368
0.380516 1.33303
0.393847 1.32911
0.407138 1.32505
0.420388 1.32085
0.433597 1.31649
0.446762 1.31199
0.459882 1.30735
0.472955 1.30256
0.485981 1.29761
0.498957 1.29253
0.511882 1.28729
0.524755 1.2819
0.537574 1.27636
0.550338 1.27068
0.563044 1.26484
0.575693 1.25885
0.588281 1.25271
0.600809 1.24642
0.613273 1.23998
0.625673 1.23339
0.638007 1.22664
0.650273 1.21974
0.66247 1.21269
0.674597 1.20548
0.686652 1.19812
0.698633 1.19061
0.710539 1.18294
0.722369 1.17512
0.73412 1.16714
0.745791 1.15901
0.757382 1.15072
0.768889 1.14228
0.780312 1.13368
0.791648 1.12493
0.802898 1.11602
0.814058 1.10695
0.825127 1.09773
0.836105 1.08836
0.846988 1.07883
0.857777 1.06914
0.868468 1.0593
0.879061 1.04931
0.889554 1.03916
0.899946 1.02886
0.910234 1.0184
0.920418 1.00779
0.930496 0.997026
0.940466 0.986109
0.950328 0.975041
0.960078 0.963821
0.969716 0.95245
0.979241 0.94093
0.98865 0.929259
0.997943 0.91744
1.00712 0.905473
1.01617 0.893359
1.02511 0.881098
1.03392 0.868693
1.0426 0.856143
1.05116 0.843451
1.0596 0.830616
1.06791 0.817641
1.07608 0.804526
1.08413 0.791273
1.09204 0.777883
1.09982 0.764358
1.10746 0.750699
1.11497 0.736908
1.12234 0.722986
1.12957 0.708935
1.13666 0.694757
1.1436 0.680454
1.15041 0.666026
1.15707 0.651477
1.16358 0.636808
1.16995 0.622022
1.17617 0.607119
1.18224 0.592103
1.18817 0.576976
1.19393 0.56174
1.19955 0.546396
1.20502 0.530949
1.21033 0.515399
1.21548 0.49975
1.22048 0.484004
1.22532 0.468163
1.23 0.45223
1.23452 0.436209
1.23888 0.4201
1.24308 0.403909
1.24712 0.387636
1.251 0.371285
1.25471 0.35486
1.25826 0.338362
1.26164 0.321795
1.26486 0.305162
1.26791 0.288467
1.2708 0.271711
1.27352 0.254898
1.27607 0.238032
1.27845 0.221116
1.28066 0.204152
1.2827 0.187145
1.28457 0.170097
1.28627 0.153012
1.2878 0.135893
1.28916 0.118744
1.29035 0.101567
1.29136 0.0843668
1.29221 0.0671462
1.29288 0.0499086
1.29338 0.0326577
1.2937 0.0153967
1.29386 -0.00187075
1.29384 -0.0191413
1.29365 -0.0364115
1.29328 -0.0536779
1.29275 -0.070937
1.29204 -0.0881853
1.29116 -0.105419
1.2901 -0.122636
1.28887 -0.139831
1.28748 -0.157002
1.28591 -0.174145
1.28416 -0.191257
1.28225 -0.208334
1.28017 -0.225373
1.27792 -0.242371
1.27549 -0.259324
1.2729 -0.276229
1.27014 -0.293082
1.26721 -0.309882
1.26411 -0.326624
1.26084 -0.343305
1.25741 -0.359922
1.25381 -0.376472
1.25004 -0.392952
1.24611 -0.409359
1.24202 -0.42569
1.23776 -0.441943
1.23334 -0.458113
1.22876 -0.474198
1.22402 -0.490197
1.21912 -0.506104
1.21406 -0.52192
1.20884 -0.537639
1.20346 -0.55326
1.19793 -0.568781
1.19224 -0.584198
1.1864 -0.59951
1.1804 -0.614714
1.17426 -0.629807
1.16796 -0.644788
1.16151 -0.659654
1.15491 -0.674404
1.14817 -0.689034
1.14128 -0.703543
1.13425 -0.717928
1.12707 -0.732189
1.11974 -0.746323
1.11228 -0.760329
1.10468 -0.774204
1.09694 -0.787947
1.08906 -0.801556
1.08104 -0.81503
1.07289 -0.828367
1.06461 -0.841566
1.05619 -0.854625
1.04764 -0.867543
1.03897 -0.880319
1.03017 -0.892952
1.02124 -0.90544
1.01218 -0.917783
1.003 -0.929979
0.993704 -0.942027
0.984284 -0.953926
0.974745 -0.965676
0.965088 -0.977276
0.955315 -0.988725
0.945428 -1.00002
0.935428 -1.01117
0.925316 -1.02216
0.915094 -1.03299
0.904765 -1.04368
0.894328 -1.05421
0.883786 -1.06458
0.87314 -1.0748
0.862392 -1.08486
0.851543 -1.09477
0.840596 -1.10452
0.82955 -1.11411
0.818409 -1.12355
0.807174 -1.13283
0.795845 -1.14195
0.784426 -1.15092
0.772917 -1.15973
0.761319 -1.16838
0.749636 -1.17688
0.737867 -1.18522
0.726015 -1.1934
0.714081 -1.20143
0.702066 -1.20929
0.689973 -1.21701
0.677803 -1.22456
0.665558 -1.23196
0.653238 -1.23921
0.640846 -1.2463
0.628383 -1.25323
0.615851 -1.26001
0.60325 -1.26664
0.590584 -1.27311
0.577853 -1.27943
0.565059 -1.28559
0.552203 -1.29161
0.539287 -1.29746
0.526312 -1.30317
0.51328 -1.30873
0.500193 -1.31413
0.487052 -1.31938
0.473858 -1.32448
0.460613 -1.32943
0.447319 -1.33424
0.433976 -1.33889
0.420587 -1.34339
0.407153 -1.34775
0.393676 -1.35195
0.380157 -1.35601
0.366596 -1.35992
0.352997 -1.36369
0.33936 -1.36731
0.325687 -1.37078
0.311979 -1.3741
0.298238 -1.37728
0.284466 -1.38032
0.270662 -1.38321
0.25683 -1.38596
0.242971 -1.38856
0.229085 -1.39102
0.215175 -1.39333
0.201242 -1.3955
0.187287 -1.39753
0.173311 -1.39942
0.159317 -1.40116
0.145306 -1.40276
0.131278 -1.40422
0.117236 -1.40554
0.10318 -1.40671
0.0891132 -1.40775
0.0750357 -1.40864
0.0609493 -1.40939
0.0468554 -1.41
0.0327554 -1.41047
0.0186507 -1.4108
0.00454266 -1.41099
-0.00956719 -1.41103
-0.0236775 -1.41093
-0.0377868 -1.4107
-0.0518938 -1.41032
-0.065997 -1.4098
-0.080095 -1.40914
-0.0941864 -1.40834
-0.10827 -1.40739
-0.122344 -1.40631
-0.136407 -1.40508
-0.150458 -1.40371
-0.164495 -1.4022
-0.178517 -1.40055
-0.192522 -1.39875
-0.20651 -1.39681
-0.220478 -1.39473
-0.234425 -1.3925
-0.24835 -1.39013
-0.262252 -1.38762
-0.276128 -1.38496
-0.289977 -1.38216
-0.303799 -1.37921
-0.317591 -1.37611
-0.331352 -1.37287
-0.345081 -1.36949
-0.358776 -1.36596
-0.372435 -1.36228
-0.386058 -1.35845
-0.399643 -1.35447
-0.413187 -1.35035
-0.426691 -1.34607
-0.440152 -1.34165
-0.453568 -1.33708
-0.466939 -1.33236
-0.480262 -1.32749
-0.493537 -1.32246
-0.506762 -1.31729
-0.519935 -1.31196
-0.533054 -1.30648
-0.546119 -1.30084
-0.559128 -1.29506
-0.572078 -1.28912
-0.584969 -1.28302
-0.597799 -1.27677
-0.610567 -1.27036
-0.623271 -1.2638
-0.635909 -1.25709
-0.64848 -1.25021
-0.660982 -1.24318
-0.673414 -1.236
-0.685774 -1.22865
-0.69806 -1.22115
-0.710272 -1.21349
-0.722407 -1.20567
-0.734463 -1.19769
-0.74644 -1.18955
-0.758336 -1.18126
-0.770148 -1.1728
-0.781876 -1.16419
-0.793518 -1.15541
-0.805072 -1.14648
-0.816537 -1.13738
-0.827911 -1.12813
-0.839192 -1.11871
-0.850379 -1.10914
-0.861471 -1.09941
-0.872465 -1.08951
-0.88336 -1.07946
-0.894154 -1.06925
-0.904847 -1.05888
-0.915436 -1.04835
-0.925919 -1.03766
-0.936296 -1.02681
-0.946564 -1.01581
-0.956722 -1.00464
-0.966768 -0.993326
-0.976702 -0.981852
-0.98652 -0.970221
-0.996222 -0.958436
-1.00581 -0.946496
-1.01527 -0.934403
-1.02462 -0.922157
-1.03384 -0.90976
-1.04293 -0.897211
-1.05191 -0.884513
-1.06075 -0.871666
-1.06947 -0.858672
-1.07806 -0.84553
-1.08651 -0.832244
-1.09483 -0.818814
-1.10302 -0.805241
-1.11107 -0.791526
-1.11899 -0.777672
-1.12677 -0.76368
-1.1344 -0.749552
-1.1419 -0.735288
-1.14925 -0.720891
-1.15646 -0.706363
-1.16352 -0.691705
-1.17044 -0.676919
-1.17721 -0.662008
-1.18383 -0.646973
-1.1903 -0.631817
-1.19662 -0.616541
-1.20278 -0.601148
-1.20879 -0.58564
-1.21465 -0.570019
-1.22035 -0.554289
-1.22589 -0.53845
-1.23128 -0.522507
-1.2365 -0.506461
-1.24157 -0.490315
-1.24647 -0.474071
-1.25121 -0.457733
-1.25579 -0.441303
-1.2602 -0.424785
-1.26445 -0.40818
-1.26853 -0.391492
-1.27245 -0.374724
-1.27619 -0.357879
-1.27977 -0.34096
-1.28318 -0.323971
-1.28642 -0.306913
-1.28949 -0.289791
-1.29239 -0.272608
-1.29512 -0.255367
-1.29767 -0.238071
-1.30005 -0.220724
-1.30226 -0.203329
-1.30429 -0.185889
-1.30615 -0.168409
-1.30783 -0.150891
-1.30934 -0.133338
-1.31068 -0.115756
-1.31183 -0.0981456
-1.31281 -0.0805122
-1.31362 -0.0628588
-1.31425 -0.0451891
-1.3147 -0.0275065
-1.31498 -0.00981477
-1.31507 0.00788259
-1.31499 0.0255819
-1.31474 0.0432797
-1.31431 0.0609722
-1.3137 0.078656
-1.31291 0.0963273
-1.31195 0.113983
-1.31081 0.131618
-1.30949 0.149231
-1.308 0.166817
-1.30633 0.184372
-1.30449 0.201894
-1.30247 0.219379
-1.30027 0.236822
-1.29791 0.254222
-1.29536 0.271574
-1.29265 0.288874
-1.28976 0.306121
-1.2867 0.323309
-1.28346 0.340437
-1.28006 0.3575
-1.27648 0.374495
-1.27274 0.39142
-1.26883 0.408271
-1.26474 0.425045
-1.26049 0.441738
-1.25608 0.458348
-1.25149 0.474873
-1.24674 0.491308
-1.24183 0.507651
-1.23675 0.5239
-1.23151 0.54005
-1.22611 0.556101
-1.22055 0.572049
-1.21483 0.587891
-1.20895 0.603625
-1.20292 0.619249
-1.19672 0.634759
-1.19038 0.650154
-1.18388 0.665431
-1.17722 0.680589
-1.17042 0.695624
-1.16346 0.710535
-1.15635 0.725319
-1.1491 0.739975
-1.1417 0.754501
-1.13416 0.768894
-1.12647 0.783153
-1.11864 0.797277
-1.11066 0.811263
-1.10255 0.825109
-1.0943 0.838816
-1.08591 0.852379
-1.07739 0.865799
-1.06873 0.879074
-1.05994 0.892203
-1.05102 0.905184
-1.04196 0.918016
-1.03278 0.930698
-1.02348 0.94323
-1.01405 0.955608
-1.00449 0.967834
-0.994811 0.979906
-0.985012 0.991823
-0.975093 1.00358
-0.965057 1.01519
-0.954906 1.02664
-0.944639 1.03793
-0.93426 1.04906
-0.923769 1.06003
-0.913169 1.07085
-0.90246 1.0815
-0.891645 1.092
-0.880725 1.10233
-0.869702 1.11251
-0.858577 1.12252
-0.847352 1.13237
-0.836028 1.14206
-0.824608 1.15159
-0.813092 1.16096
-0.801482 1.17016
-0.78978 1.17921
-0.777988 1.18809
-0.766107 1.19681
-0.754139 1.20537
-0.742086 1.21377
-0.729948 1.22201
-0.717728 1.23009
-0.705427 1.238
-0.693047 1.24576
-0.680589 1.25336
-0.668056 1.26079
-0.655448 1.26807
-0.642767 1.27519
-0.630015 1.28215
-0.617194 1.28895
-0.604304 1.29559
-0.591348 1.30207
-0.578328 1.3084
-0.565244 1.31457
-0.552098 1.32058
-0.538892 1.32644
-0.525628 1.33214
-0.512306 1.33769
-0.498929 1.34308
-0.485499 1.34832
-0.472015 1.3534
-0.458481 1.35833
-0.444898 1.36311
-0.431267 1.36774
-0.417589 1.37221
-0.403867 1.37653
-0.390102 1.3807
-0.376295 1.38472
-0.362448 1.38859
-0.348562 1.39231
-0.334639 1.39588
-0.32068 1.3993
-0.306687 1.40258
-0.292661 1.4057
-0.278604 1.40868
